PHOTONIC CRYSTAL CAVITY MODE ANALYSIS
============================================================

Simulation Parameters:
  Width: 500 nm
  Length: 337 nm
  Number of defect holes: 15
  Number of mirrors: 11
  Resolution: 128

============================================================
DETECTED MODES:
============================================================
Mode     Frequency (THz)      Q Factor        Wavelength (nm)
------------------------------------------------------------
1        76.677240            -660.57         3912.50        
2        84.584761            347.49          3546.74        
3        92.159674            1122.30         3255.22        
4        98.506809            -4555.17        3045.47        
5        104.399611           -3300.59        2873.57        
6        110.031226           -3071.06        2726.50        
7        115.465352           -431648.57      2598.18        
8        120.794749           13888.97        2483.55        
9        126.054214           -10591.62       2379.93        
10       131.237088           -1502892.61     2285.94        
11       136.333931           -81574.81       2200.48        
12       141.317643           36451.09        2122.88        
13       146.154414           -131902.61      2052.62        
14       150.789911           91090.16        1989.52        
15       155.149299           117711.44       1933.62        
16       159.132739           -86020.27       1885.22        
17       162.498606           122897.64       1846.17        
18       165.095471           -91614.99       1817.13        
19       167.732968           -7492.12        1788.56        
20       170.633681           -662.19         1758.15        
21       191.996747           145.06          1562.53        
22       209.555312           192.35          1431.60        
23       227.042084           396.91          1321.34        
24       239.037475           3184.33         1255.03        
25       243.977583           -5732.47        1229.62        
26       251.342401           252.67          1193.59        
27       258.595702           126.20          1160.11        
28       261.952895           2272.25         1145.24        
29       266.953229           165.68          1123.79        
30       267.332667           -2101.73        1122.20        
31       270.843757           339.47          1107.65        
32       274.002011           123.96          1094.88        
33       276.573210           3486.34         1084.70        
34       277.743447           119.49          1080.13        
35       279.208114           311.85          1074.47        
36       283.914102           81.73           1056.66        
37       313.907191           -8243.10        955.70         
38       325.808264           102.79          920.79         

============================================================
HIGHEST Q MODE:
============================================================
  Mode index: 17
  Frequency: 162.498606 THz
  Q factor: 122897.64
  Wavelength: 1846.17 nm
  Mode volume: 1.815612
  Purcell Factor:  1.873066488315331e-17
