PHOTONIC CRYSTAL CAVITY MODE ANALYSIS
============================================================

Simulation Parameters:
  Width: 500 nm
  Length: 337 nm
  Number of defect holes: 14
  Number of mirrors: 15
  Resolution: 128

============================================================
DETECTED MODES:
============================================================
Mode     Frequency (THz)      Q Factor        Wavelength (nm)
------------------------------------------------------------
1        70.615469            -50.92          4248.36        
2        79.290538            74.84           3783.55        
3        86.984374            -927.53         3448.90        
4        93.497943            6330.47         3208.63        
5        99.201356            5227.15         3024.15        
6        104.493711           -10270.18       2870.99        
7        109.566083           -10579.19       2738.07        
8        114.482712           -15954.83       2620.48        
9        119.290065           47363.72        2514.88        
10       124.045026           -31042.91       2418.48        
11       128.721305           -36544.83       2330.62        
12       133.345819           90025.27        2249.79        
13       137.885942           129912.08       2175.71        
14       142.336787           83441.04        2107.68        
15       146.654912           55344.05        2045.62        
16       150.817214           77884.54        1989.16        
17       154.759646           -97663.31       1938.49        
18       158.422094           264093.34       1893.68        
19       161.650718           -693903.98      1855.85        
20       164.264510           -910778.46      1826.32        
21       166.602588           75028.74        1800.69        
22       169.135322           22796.74        1773.73        
23       170.902155           1165.16         1755.39        
24       203.325616           99.83           1475.47        
25       218.997855           277.47          1369.88        
26       234.337482           568.98          1280.20        
27       239.897945           2054.94         1250.53        
28       246.810981           57.10           1215.51        
29       249.154542           3010.16         1204.07        
30       252.813168           204.82          1186.65        
31       260.832014           128.50          1150.17        
32       264.702817           -1341.24        1133.35        
33       267.125406           115.80          1123.07        
34       268.288591           5008.36         1118.20        
35       269.726916           475.45          1112.24        
36       272.566776           383.29          1100.65        
37       275.447887           307.88          1089.14        
38       278.785442           97.32           1076.10        
39       280.918526           491.34          1067.93        
40       282.683051           244.37          1061.26        
41       283.172848           102.09          1059.42        
42       312.567773           534.82          959.79         
43       325.039270           -703.09         922.97         

============================================================
HIGHEST Q MODE:
============================================================
  Mode index: 18
  Frequency: 158.422094 THz
  Q factor: 264093.34
  Wavelength: 1893.68 nm
  Mode volume: 1.529879
  Purcell Factor:  5.155070198043766e-17
