PHOTONIC CRYSTAL CAVITY MODE ANALYSIS
============================================================

Simulation Parameters:
  Width: 500 nm
  Length: 337 nm
  Number of defect holes: 13
  Number of mirrors: 6
  Resolution: 128

============================================================
DETECTED MODES:
============================================================
Mode     Frequency (THz)      Q Factor        Wavelength (nm)
------------------------------------------------------------
1        80.818575            286.55          3712.02        
2        90.998524            -1400.09        3296.76        
3        99.706263            -4117.47        3008.84        
4        107.608354           84476.72        2787.89        
5        115.089893           -5212.81        2606.66        
6        122.390392           -6786.70        2451.17        
7        129.567033           -30410.72       2315.40        
8        136.563551           -838.61         2196.78        
9        143.365824           46727.39        2092.55        
10       149.837012           42750.13        2002.18        
11       155.799703           1084458.75      1925.55        
12       160.914161           85510.32        1864.35        
13       164.635793           -77534.63       1822.20        
14       168.034369           6023.28         1785.35        
15       171.425707           -187.36         1750.03        
16       192.936305           74.47           1554.92        
17       216.726787           219.88          1384.23        
18       240.077083           -2885.47        1249.60        
19       241.060438           1281.56         1244.50        
20       253.699464           214.72          1182.50        
21       261.032892           212.91          1149.28        
22       264.997821           2276.09         1132.08        
23       268.056724           1855.98         1119.17        
24       271.148600           197.17          1106.40        
25       275.563462           164.50          1088.68        
26       282.111478           60.75           1063.41        
27       312.981497           278.21          958.52         

============================================================
HIGHEST Q MODE:
============================================================
  Mode index: 11
  Frequency: 155.799703 THz
  Q factor: 1084458.75
  Wavelength: 1925.55 nm
  Mode volume: 1.305510
  Purcell Factor:  2.6080417049829534e-16
