PHOTONIC CRYSTAL CAVITY MODE ANALYSIS
============================================================

Simulation Parameters:
  Width: 500 nm
  Length: 337 nm
  Number of defect holes: 11
  Number of mirrors: 17
  Resolution: 128

============================================================
DETECTED MODES:
============================================================
Mode     Frequency (THz)      Q Factor        Wavelength (nm)
------------------------------------------------------------
1        72.709496            -62.11          4126.01        
2        81.429941            65.68           3684.15        
3        89.046879            -1699.21        3369.01        
4        95.463044            1753.17         3142.58        
5        101.278063           7566.43         2962.14        
6        106.746283           -6623.52        2810.40        
7        111.965161           4148.74         2679.40        
8        117.010864           -9454.55        2563.86        
9        121.984506           11106.36        2459.33        
10       126.882520           -6044.79        2364.39        
11       131.708052           46204.09        2277.77        
12       136.462561           42725.47        2198.41        
13       141.125251           -126911.12      2125.77        
14       145.652051           -47405.42       2059.70        
15       150.027451           -106352.69      1999.63        
16       154.183897           -369600.84      1945.73        
17       158.048856           48576.92        1898.15        
18       161.486122           -114407.04      1857.74        
19       164.290609           -5085.64        1826.03        
20       166.825524           33717.41        1798.29        
21       169.451970           2388.79         1770.41        
22       171.885094           -788.66         1745.35        
23       192.998457           87.35           1554.42        
24       210.684116           171.34          1423.93        
25       226.804012           261.68          1322.73        
26       242.444972           1999.28         1237.39        
27       243.400787           657.28          1232.54        
28       256.202630           151.89          1170.95        
29       259.124471           1739.44         1157.74        
30       266.530352           228.80          1125.58        
31       267.063492           -221.38         1123.33        
32       269.110850           412.75          1114.78        
33       271.279996           332.89          1105.87        
34       273.432117           1549.52         1097.16        
35       275.134014           2467.13         1090.38        
36       277.969113           213.82          1079.26        
37       280.841949           250.49          1068.22        
38       283.399012           62.00           1058.58        
39       308.407969           218.84          972.74         
40       322.606331           -958.72         929.93         

============================================================
HIGHEST Q MODE:
============================================================
  Mode index: 17
  Frequency: 158.048856 THz
  Q factor: 48576.92
  Wavelength: 1898.15 nm
  Mode volume: 1.899481
  Purcell Factor:  7.691348146453657e-18
