PHOTONIC CRYSTAL CAVITY MODE ANALYSIS
============================================================

Simulation Parameters:
  Width: 500 nm
  Length: 337 nm
  Number of defect holes: 14
  Number of mirrors: 10
  Resolution: 128

============================================================
DETECTED MODES:
============================================================
Mode     Frequency (THz)      Q Factor        Wavelength (nm)
------------------------------------------------------------
1        88.616220            -3752.99        3385.38        
2        95.982819            824.99          3125.56        
3        102.533783           -9779.77        2925.86        
4        108.683042           16213.15        2760.32        
5        114.621397           15899.89        2617.31        
6        120.422314           36907.19        2491.23        
7        126.125343           46850.81        2378.59        
8        131.745748           74116.75        2277.11        
9        137.254993           -35867.39       2185.71        
10       142.637493           -737934.33      2103.23        
11       147.818042           47349.88        2029.52        
12       152.738008           -2170338.13     1964.15        
13       157.287976           -198431.41      1907.33        
14       161.253635           446185.33       1860.42        
15       164.325214           -143770.80      1825.65        
16       167.056966           -204080.57      1795.79        
17       170.164396           -1299.96        1763.00        
18       188.675651           -182.02         1590.03        
19       208.742849           186.70          1437.17        
20       227.461506           374.53          1318.90        
21       239.872474           2554.78         1250.66        
22       245.702701           -2981.74        1220.99        
23       252.667913           215.34          1187.33        
24       260.366901           136.47          1152.22        
25       264.515840           -17510.39       1134.15        
26       267.317564           3426.94         1122.26        
27       268.643693           392.53          1116.72        
28       271.523876           367.31          1104.88        
29       275.581912           175.74          1088.61        
30       279.142097           125.60          1074.72        
31       279.967695           264.81          1071.55        
32       282.954775           1213.32         1060.24        
33       303.034140           81.37           989.99         
34       320.284697           -1333.92        936.67         

============================================================
HIGHEST Q MODE:
============================================================
  Mode index: 14
  Frequency: 161.253635 THz
  Q factor: 446185.33
  Wavelength: 1860.42 nm
  Mode volume: 3.472903
  Purcell Factor:  3.6381089584785984e-17
