PHOTONIC CRYSTAL CAVITY MODE ANALYSIS
============================================================

Simulation Parameters:
  Width: 500 nm
  Length: 337 nm
  Number of defect holes: 10
  Number of mirrors: 9
  Resolution: 256

============================================================
DETECTED MODES:
============================================================
Mode     Frequency (THz)      Q Factor        Wavelength (nm)
------------------------------------------------------------
1        80.533539            217.23          3725.16        
2        91.585175            1451.24         3275.64        
3        100.434765           1194.64         2987.01        
4        108.441767           -21631.45       2766.46        
5        116.018104           11531.60        2585.80        
6        123.379333           22158.23        2431.53        
7        130.599407           3695.77         2297.10        
8        137.614547           -26169.87       2180.00        
9        144.421368           50207.10        2077.25        
10       150.889498           69377.24        1988.21        
11       156.827224           68528.83        1912.93        
12       161.855626           -244075.52      1853.50        
13       165.606658           86322.63        1811.52        
14       169.272875           19299.94        1772.29        
15       172.780970           -50133.29       1736.30        
16       192.884294           192.27          1555.34        
17       216.673619           195.37          1384.57        
18       240.419851           3122.27         1247.82        
19       245.074758           528.97          1224.12        
20       258.683944           129.60          1159.72        
21       264.047211           -135412.08      1136.16        
22       268.123444           11406.20        1118.89        
23       269.818693           246.06          1111.86        
24       273.719719           180.04          1096.01        
25       278.565408           239.39          1076.95        
26       284.079121           97.63           1056.04        
27       312.949257           85.19           958.62         

============================================================
HIGHEST Q MODE:
============================================================
  Mode index: 13
  Frequency: 165.606658 THz
  Q factor: 86322.63
  Wavelength: 1811.52 nm
  Mode volume: 0.984992
