PHOTONIC CRYSTAL CAVITY MODE ANALYSIS
============================================================

Simulation Parameters:
  Width: 500 nm
  Length: 337 nm
  Number of defect holes: 15
  Number of mirrors: 12
  Resolution: 128

============================================================
DETECTED MODES:
============================================================
Mode     Frequency (THz)      Q Factor        Wavelength (nm)
------------------------------------------------------------
1        74.630940            -117.23         4019.78        
2        82.916238            3721.31         3618.11        
3        90.368154            -740.22         3319.75        
4        96.783182            711.99          3099.71        
5        102.547282           5074.04         2925.48        
6        108.012447           20106.86        2777.46        
7        113.311310           27666.47        2647.57        
8        118.498900           14733.35        2531.67        
9        123.587405           53130.48        2427.43        
10       128.618211           39928.45        2332.48        
11       133.569599           -31958.83       2246.02        
12       138.436903           173757.43       2167.05        
13       143.186459           120361.23       2095.17        
14       147.779042           131447.81       2030.06        
15       152.173563           117409.08       1971.43        
16       156.280561           -231906.67      1919.62        
17       160.003002           183688.00       1874.96        
18       163.095566           155371.27       1839.41        
19       165.542107           -73661.13       1812.23        
20       168.149292           25665.27        1784.13        
21       170.798084           -664.86         1756.46        
22       185.412897           66.78           1618.01        
23       201.922144           160.57          1485.72        
24       218.615637           210.13          1372.27        
25       235.143084           814.28          1275.82        
26       239.066824           2386.08         1254.88        
27       250.186309           339.81          1199.11        
28       252.255719           939.03          1189.27        
29       260.078506           133.53          1153.50        
30       265.518897           208.96          1129.86        
31       268.373694           2541.64         1117.84        
32       270.391046           397.46          1109.50        
33       273.049188           129.87          1098.70        
34       277.118594           1469.29         1082.57        
35       279.109319           66.32           1074.85        
36       282.951861           1021.27         1060.25        
37       302.684146           159.01          991.13         
38       317.882874           -1022.40        943.74         

============================================================
HIGHEST Q MODE:
============================================================
  Mode index: 17
  Frequency: 160.003002 THz
  Q factor: 183688.00
  Wavelength: 1874.96 nm
  Mode volume: 2.093141
  Purcell Factor:  2.5437797418999272e-17
