PHOTONIC CRYSTAL CAVITY MODE ANALYSIS
============================================================

Simulation Parameters:
  Width: 500 nm
  Length: 337 nm
  Number of defect holes: 7
  Number of mirrors: 17
  Resolution: 128

============================================================
DETECTED MODES:
============================================================
Mode     Frequency (THz)      Q Factor        Wavelength (nm)
------------------------------------------------------------
1        80.583795            229.15          3722.83        
2        89.438968            -4210.20        3354.24        
3        97.012739            512.83          3092.38        
4        103.714062           2752.71         2892.57        
5        109.961341           6866.47         2728.23        
6        115.978917           9793.93         2586.68        
7        121.836558           22331.70        2462.32        
8        127.590221           27319.87        2351.28        
9        133.246620           43893.00        2251.46        
10       138.783321           30317.64        2161.64        
11       144.177298           -119044.20      2080.77        
12       149.371548           75368.60        2008.41        
13       154.274166           -424540.30      1944.59        
14       158.776101           -122792.71      1889.45        
15       162.665733           -360004.55      1844.27        
16       165.873415           -90557.34       1808.61        
17       168.915901           -18843.14       1776.03        
18       171.645064           -5373.57        1747.79        
19       173.466562           -5363.77        1729.44        
20       189.529624           122.75          1582.87        
21       208.986172           213.44          1435.50        
22       227.539389           239.75          1318.45        
23       246.077483           1840.85         1219.13        
24       250.230862           225.89          1198.89        
25       263.709986           372.08          1137.61        
26       266.838647           179.10          1124.27        
27       267.490014           656.50          1121.54        
28       269.297945           400.68          1114.01        
29       271.942707           261.33          1103.17        
30       275.279404           243.98          1089.80        
31       278.548966           312.31          1077.01        
32       280.848918           152.10          1068.19        
33       283.128501           2095.36         1059.59        
34       287.465086           77.09           1043.60        
35       305.476262           53.68           982.07         
36       321.609946           280.36          932.81         

============================================================
HIGHEST Q MODE:
============================================================
  Mode index: 12
  Frequency: 149.371548 THz
  Q factor: 75368.60
  Wavelength: 2008.41 nm
  Mode volume: 1.796779
  Purcell Factor:  1.494423218769778e-17
