PHOTONIC CRYSTAL CAVITY MODE ANALYSIS
============================================================

Simulation Parameters:
  Width: 500 nm
  Length: 337 nm
  Number of defect holes: 13
  Number of mirrors: 10
  Resolution: 128

============================================================
DETECTED MODES:
============================================================
Mode     Frequency (THz)      Q Factor        Wavelength (nm)
------------------------------------------------------------
1        71.302065            -54.71          4207.45        
2        81.919564            90.65           3662.13        
3        90.777032            -5075.07        3304.80        
4        98.146494            2126.94         3056.66        
5        104.822807           10095.42        2861.97        
6        111.169668           -17367.08       2698.58        
7        117.300686           -9445.77        2557.53        
8        123.305357           -17029.07       2432.98        
9        129.225129           -122709.13      2321.53        
10       135.034935           34740.65        2221.65        
11       140.712937           42061.35        2132.00        
12       146.191304           -986.07         2052.11        
13       151.442029           94800.91        1980.96        
14       156.310513           -54266.00       1919.26        
15       160.601742           -99559.95       1867.97        
16       163.975386           147512.71       1829.54        
17       166.811026           59699.60        1798.44        
18       170.049193           3151.08         1764.20        
19       178.090346           110.63          1684.54        
20       198.297127           58.32           1512.88        
21       217.793604           320.60          1377.45        
22       237.303840           1400.22         1264.20        
23       240.885583           1328.96         1245.40        
24       253.078434           182.09          1185.40        
25       256.809386           -1182.27        1168.18        
26       263.395661           100.29          1138.97        
27       265.571328           2514.41         1129.64        
28       268.512961           416.59          1117.26        
29       271.621147           517.47          1104.48        
30       275.358473           -215.06         1089.49        
31       277.628386           145.05          1080.58        
32       281.072477           81.84           1067.34        
33       283.351349           190.09          1058.76        
34       316.249170           -40745.82       948.62         

============================================================
HIGHEST Q MODE:
============================================================
  Mode index: 16
  Frequency: 163.975386 THz
  Q factor: 147512.71
  Wavelength: 1829.54 nm
  Mode volume: 2.333560
  Purcell Factor:  1.7023781869764858e-17
