PHOTONIC CRYSTAL CAVITY MODE ANALYSIS
============================================================

Simulation Parameters:
  Width: 500 nm
  Length: 337 nm
  Number of defect holes: 11
  Number of mirrors: 12
  Resolution: 128

============================================================
DETECTED MODES:
============================================================
Mode     Frequency (THz)      Q Factor        Wavelength (nm)
------------------------------------------------------------
1        71.363798            -55.30          4203.81        
2        82.249003            152.13          3647.46        
3        91.050009            -1190.82        3294.89        
4        98.438937            18502.18        3047.57        
5        105.197012           -7604.47        2851.79        
6        111.545132           100816.18       2689.49        
7        117.707852           26467.50        2548.68        
8        123.737007           22107.03        2424.50        
9        129.671875           63721.77        2313.53        
10       135.487292           345535.40       2214.23        
11       141.177197           15715289.33     2124.99        
12       146.667431           80844.13        2045.44        
13       151.904936           -187106.50      1974.92        
14       156.752964           162534.91       1913.84        
15       161.025855           162752.23       1863.05        
16       164.389517           -2115988.51     1824.93        
17       167.331961           -138088.35      1792.84        
18       170.535309           -18535.76       1759.17        
19       173.301249           -668.90         1731.09        
20       197.709200           102.37          1517.38        
21       217.946468           201.31          1376.48        
22       237.381156           837.64          1263.79        
23       243.162571           820.73          1233.74        
24       255.283796           243.47          1175.16        
25       258.203125           240.61          1161.88        
26       266.418725           168.01          1126.05        
27       267.616127           2661.26         1121.01        
28       270.111580           416.63          1110.65        
29       273.169535           393.20          1098.22        
30       275.879221           -559.92         1087.43        
31       278.325262           115.78          1077.88        
32       280.810883           85.49           1068.33        
33       284.012994           -590.22         1056.29        
34       287.249900           412.06          1044.39        
35       316.444600           618.35          948.03         

============================================================
HIGHEST Q MODE:
============================================================
  Mode index: 11
  Frequency: 141.177197 THz
  Q factor: 15715289.33
  Wavelength: 2124.99 nm
  Mode volume: 3.961694
  Purcell Factor:  1.6738993024379872e-15
