PHOTONIC CRYSTAL CAVITY MODE ANALYSIS
============================================================

Simulation Parameters:
  Width: 500 nm
  Length: 337 nm
  Number of defect holes: 10
  Number of mirrors: 12
  Resolution: 128

============================================================
DETECTED MODES:
============================================================
Mode     Frequency (THz)      Q Factor        Wavelength (nm)
------------------------------------------------------------
1        74.005039            -82.27          4053.78        
2        84.388781            -20150.22       3554.97        
3        93.282759            -2884.81        3216.03        
4        100.760001           2244.66         2977.37        
5        107.579162           -138926.32      2788.64        
6        114.257102           18472.62        2625.66        
7        120.642730           -29846.42       2486.68        
8        126.894761           -40587.59       2364.16        
9        133.052375           18330.06        2254.75        
10       139.069850           107519.45       2157.19        
11       144.902329           120854.98       2070.36        
12       150.477971           39007.84        1993.65        
13       155.675440           147474.46       1927.09        
14       160.303222           180375.39       1871.45        
15       164.057361           -2280.29        1828.63        
16       167.094355           -36828.39       1795.39        
17       170.421900           4447.07         1760.34        
18       172.461899           -944.69         1739.51        
19       207.070713           94.16           1448.78        
20       227.925847           281.01          1316.22        
21       244.361459           773.72          1227.69        
22       248.121788           -4499.51        1209.08        
23       259.008079           132.62          1158.27        
24       266.406885           291.97          1126.10        
25       268.405545           -274.18         1117.71        
26       268.918430           4077.92         1115.58        
27       271.640157           156.66          1104.40        
28       275.355576           198.09          1089.50        
29       279.241276           506.50          1074.34        
30       309.213573           97.94           970.20         

============================================================
HIGHEST Q MODE:
============================================================
  Mode index: 14
  Frequency: 160.303222 THz
  Q factor: 180375.39
  Wavelength: 1871.45 nm
  Mode volume: 3.790008
  Purcell Factor:  1.3718038131292316e-17
