PHOTONIC CRYSTAL CAVITY MODE ANALYSIS
============================================================

Simulation Parameters:
  Width: 500 nm
  Length: 337 nm
  Number of defect holes: 11
  Number of mirrors: 16
  Resolution: 128

============================================================
DETECTED MODES:
============================================================
Mode     Frequency (THz)      Q Factor        Wavelength (nm)
------------------------------------------------------------
1        74.828825            -100.39         4009.15        
2        83.134684            204.63          3608.60        
3        90.833561            -2240.75        3302.74        
4        97.238333            1443.81         3085.20        
5        103.116930           4813.59         2909.32        
6        108.656002           -5872.80        2761.01        
7        113.996424           54821.43        2631.66        
8        119.199467           15538.36        2516.79        
9        124.320275           -64883.67       2413.12        
10       129.367653           33471.11        2318.97        
11       134.332888           -37702.49       2233.26        
12       139.212950           -704304.83      2154.97        
13       143.966553           60827.95        2083.82        
14       148.565450           105097.00       2019.31        
15       152.949841           -2303.76        1961.43        
16       157.051544           228319.23       1910.20        
17       160.799133           -3524.18        1865.68        
18       163.791915           300249.79       1831.59        
19       166.382036           -35244.10       1803.08        
20       169.087717           -21881.50       1774.23        
21       171.703307           -9419.96        1747.20        
22       173.639130           -127.57         1727.72        
23       202.021668           142.45          1484.99        
24       218.696527           173.00          1371.76        
25       235.261537           513.93          1275.18        
26       240.309348           -70.53          1248.39        
27       243.126516           918.49          1233.93        
28       251.377564           -10181.21       1193.42        
29       257.429524           131.86          1165.37        
30       265.431850           160.24          1130.23        
31       268.091968           -800.54         1119.02        
32       269.589548           796.15          1112.80        
33       271.842245           394.53          1103.58        
34       275.010038           393.39          1090.87        
35       278.400762           333.47          1077.58        
36       281.969773           77.11           1063.94        
37       283.591238           430.80          1057.86        
38       302.210541           189.94          992.69         
39       318.738314           2893.01         941.21         

============================================================
HIGHEST Q MODE:
============================================================
  Mode index: 18
  Frequency: 163.791915 THz
  Q factor: 300249.79
  Wavelength: 1831.59 nm
  Mode volume: 2.159684
  Purcell Factor:  3.7566155618012734e-17
