PHOTONIC CRYSTAL CAVITY MODE ANALYSIS
============================================================

Simulation Parameters:
  Width: 500 nm
  Length: 337 nm
  Number of defect holes: 16
  Number of mirrors: 6
  Resolution: 128

============================================================
DETECTED MODES:
============================================================
Mode     Frequency (THz)      Q Factor        Wavelength (nm)
------------------------------------------------------------
1        73.690689            -88.05          4071.07        
2        83.712220            8680.78         3583.71        
3        92.438761            -9161.28        3245.39        
4        99.746823            3328.95         3007.61        
5        106.533115           -5570.68        2816.03        
6        113.013541           16302.21        2654.55        
7        119.326898           -158095.07      2514.10        
8        125.536183           -19144.11       2389.75        
9        131.653368           46316.95        2278.71        
10       137.644278           34027.04        2179.53        
11       143.459263           43438.60        2091.19        
12       149.035602           111749.57       2012.94        
13       154.261722           -432043.59      1944.75        
14       158.906541           -1169.69        1887.90        
15       162.770878           -134138.00      1843.08        
16       165.511571           -2249.15        1812.56        
17       168.733477           -6059.53        1777.95        
18       186.801121           170.24          1605.99        
19       207.433193           215.11          1446.25        
20       227.801971           617.26          1316.93        
21       238.246699           4406.09         1259.20        
22       247.276255           12890.42        1213.22        
23       250.557820           328.13          1197.33        
24       258.555273           158.24          1160.29        
25       264.263597           227.18          1135.23        
26       267.752478           -190.81         1120.44        
27       268.759585           3285.07         1116.24        
28       271.547542           187.05          1104.78        
29       278.618629           74.31           1076.74        
30       310.712542           513.90          965.52         

============================================================
HIGHEST Q MODE:
============================================================
  Mode index: 12
  Frequency: 149.035602 THz
  Q factor: 111749.57
  Wavelength: 2012.94 nm
  Mode volume: 4.252426
  Purcell Factor:  9.425851543985023e-18
