PHOTONIC CRYSTAL CAVITY MODE ANALYSIS
============================================================

Simulation Parameters:
  Width: 500 nm
  Length: 337 nm
  Number of defect holes: 13
  Number of mirrors: 8
  Resolution: 128

============================================================
DETECTED MODES:
============================================================
Mode     Frequency (THz)      Q Factor        Wavelength (nm)
------------------------------------------------------------
1        76.460873            -358.92         3923.58        
2        86.313261            -720.33         3475.71        
3        95.018964            2173.70         3157.26        
4        102.529246           13456.50        2925.99        
5        109.547626           -17544.43       2738.53        
6        116.302405           17494.83        2579.48        
7        122.890360           100828.79       2441.20        
8        129.378864           -138050.11      2318.77        
9        135.733893           -48869.65       2210.21        
10       141.918951           60272.93        2113.88        
11       147.873237           67695.54        2028.76        
12       153.459334           133855.78       1954.92        
13       158.519489           -538788.15      1892.51        
14       162.672849           -20727.29       1844.19        
15       165.770888           -109890.41      1809.73        
16       169.121061           62390.22        1773.88        
17       173.635631           195.95          1727.76        
18       174.966290           80.88           1714.62        
19       195.862981           147.11          1531.68        
20       217.488787           246.14          1379.38        
21       238.623204           7335.85         1257.21        
22       240.914529           1203.87         1245.25        
23       253.425605           194.65          1183.78        
24       259.128046           3154.21         1157.73        
25       264.078545           135.35          1136.03        
26       267.580759           741.27          1121.16        
27       269.885857           240.39          1111.58        
28       273.502941           142.11          1096.88        
29       277.502279           86.10           1081.07        
30       279.202910           246.37          1074.49        
31       281.998409           331.59          1063.84        
32       304.249288           91.65           986.03         
33       309.135183           -131.75         970.45         
34       323.208981           15273.13        928.19         

============================================================
HIGHEST Q MODE:
============================================================
  Mode index: 12
  Frequency: 153.459334 THz
  Q factor: 133855.78
  Wavelength: 1954.92 nm
  Mode volume: 4.072944
  Purcell Factor:  1.0797675688863264e-17
