PHOTONIC CRYSTAL CAVITY MODE ANALYSIS
============================================================

Simulation Parameters:
  Width: 500 nm
  Length: 337 nm
  Number of defect holes: 10
  Number of mirrors: 12
  Resolution: 128

============================================================
DETECTED MODES:
============================================================
Mode     Frequency (THz)      Q Factor        Wavelength (nm)
------------------------------------------------------------
1        74.067677            -80.77          4050.35        
2        84.650615            1025.79         3543.98        
3        93.578409            5064.61         3205.87        
4        101.155979           1519.63         2965.72        
5        108.091040           -6388.20        2775.44        
6        114.698576           -13529.75       2615.55        
7        121.115166           -9221.33        2476.98        
8        127.392857           16621.06        2354.92        
9        133.560988           -28276.73       2246.16        
10       139.588234           -66105.72       2149.18        
11       145.426667           -82813.37       2062.90        
12       151.013239           -255981.37      1986.58        
13       156.208264           1170274.09      1920.51        
14       160.822369           -13170101.50    1865.41        
15       164.498614           -652757.88      1823.72        
16       167.619479           45448.17        1789.77        
17       170.991164           -7916.52        1754.48        
18       174.164034           681.93          1722.51        
19       187.001816           108.63          1604.26        
20       207.241472           110.98          1447.59        
21       227.910133           353.01          1316.31        
22       245.300535           732.55          1222.99        
23       248.342025           -598.01         1208.01        
24       260.032143           131.00          1153.70        
25       267.214820           680.41          1122.69        
26       270.017170           64.35           1111.04        
27       270.081916           1223.38         1110.77        
28       272.842085           1886.68         1099.54        
29       276.567904           185.90          1084.72        
30       279.685786           -130.83         1072.63        
31       280.796393           71.06           1068.39        
32       287.365990           66.68           1043.96        
33       306.328542           94.15           979.34         

============================================================
HIGHEST Q MODE:
============================================================
  Mode index: 13
  Frequency: 156.208264 THz
  Q factor: 1170274.09
  Wavelength: 1920.51 nm
  Mode volume: 1.813113
