PHOTONIC CRYSTAL CAVITY MODE ANALYSIS
============================================================

Simulation Parameters:
  Width: 500 nm
  Length: 337 nm
  Number of defect holes: 9
  Number of mirrors: 8
  Resolution: 128

============================================================
DETECTED MODES:
============================================================
Mode     Frequency (THz)      Q Factor        Wavelength (nm)
------------------------------------------------------------
1        72.626596            -61.99          4130.72        
2        86.215525            529.26          3479.65        
3        96.973682            1350.39         3093.62        
4        106.112118           -10143.91       2827.20        
5        114.668849           -18342.82       2616.23        
6        122.924102           -18130.39       2440.53        
7        130.987353           112929.32       2290.30        
8        138.835358           241633.50       2160.83        
9        146.380149           -77973.82       2049.46        
10       153.418657           1600146.03      1955.43        
11       159.608474           -281326.23      1879.60        
12       164.325855           -384289.75      1825.64        
13       168.238717           -59202.93       1783.18        
14       172.364956           -1840.47        1740.49        
15       189.477552           87.71           1583.30        
16       216.143584           159.47          1387.97        
17       242.471803           -9950.69        1237.26        
18       246.215361           371.21          1218.45        
19       260.638528           132.77          1151.02        
20       267.279465           660.94          1122.42        
21       268.373693           1083.78         1117.84        
22       271.171402           270.47          1106.31        
23       276.411515           130.01          1085.34        
24       281.505644           114.34          1065.70        
25       284.582483           63.39           1054.18        
26       323.551321           431.10          927.21         

============================================================
HIGHEST Q MODE:
============================================================
  Mode index: 10
  Frequency: 153.418657 THz
  Q factor: 1600146.03
  Wavelength: 1955.43 nm
  Mode volume: 2.240543
  Purcell Factor:  2.3482991912018173e-16
