PHOTONIC CRYSTAL CAVITY MODE ANALYSIS
============================================================

Simulation Parameters:
  Width: 500 nm
  Length: 337 nm
  Number of defect holes: 16
  Number of mirrors: 5
  Resolution: 128

============================================================
DETECTED MODES:
============================================================
Mode     Frequency (THz)      Q Factor        Wavelength (nm)
------------------------------------------------------------
1        75.298262            4305.31         3984.16        
2        85.896534            -291.23         3492.57        
3        94.545284            4927.48         3173.08        
4        101.968398           23053.96        2942.09        
5        108.917563           -8540.57        2754.38        
6        115.660807           3319.11         2593.79        
7        122.194746           16008.69        2455.10        
8        128.654448           -36994.97       2331.83        
9        134.986468           157253.75       2222.44        
10       141.173523           17702.06        2125.04        
11       147.121884           48997.43        2039.13        
12       152.717468           51552.56        1964.41        
13       157.798828           -167289.36      1901.15        
14       162.039256           -99709.51       1851.40        
15       165.071186           -116396.71      1817.40        
16       168.223725           15443.08        1783.34        
17       171.929431           -405.42         1744.90        
18       195.921024           83.76           1531.23        
19       217.353305           265.23          1380.24        
20       238.082636           -20005.02       1260.07        
21       238.603658           -2649.05        1257.32        
22       250.079629           336.29          1199.62        
23       256.749476           164.05          1168.45        
24       260.591015           7178.87         1151.23        
25       266.083812           222.89          1127.46        
26       268.214823           408.65          1118.51        
27       271.747585           209.00          1103.97        
28       276.343743           121.08          1085.60        
29       278.572496           124.29          1076.92        
30       281.161709           1123.27         1067.00        
31       304.764832           110.64          984.37         
32       320.425480           -56.90          936.26         
33       321.572075           265.82          932.92         

============================================================
HIGHEST Q MODE:
============================================================
  Mode index: 9
  Frequency: 134.986468 THz
  Q factor: 157253.75
  Wavelength: 2222.44 nm
  Mode volume: 2.159738
  Purcell Factor:  3.5148826287591845e-17
