PHOTONIC CRYSTAL CAVITY MODE ANALYSIS
============================================================

Simulation Parameters:
  Width: 500 nm
  Length: 337 nm
  Number of defect holes: 15
  Number of mirrors: 5
  Resolution: 128

============================================================
DETECTED MODES:
============================================================
Mode     Frequency (THz)      Q Factor        Wavelength (nm)
------------------------------------------------------------
1        78.424431            -435.06         3825.34        
2        88.372870            -936.79         3394.71        
3        96.937791            -3420.75        3094.77        
4        104.532640           12440.32        2869.92        
5        111.716046           67616.56        2685.38        
6        118.702277           -1315.03        2527.33        
7        120.419080           -122.97         2491.30        
8        125.576079           -24869.47       2388.99        
9        132.299994           -19062.93       2267.57        
10       138.874263           116037.54       2160.23        
11       145.228711           56007.86        2065.71        
12       151.239824           -18174494.83    1983.60        
13       156.738513           2273572.51      1914.02        
14       161.407655           -609946.88      1858.65        
15       164.757172           6946320.53      1820.86        
16       167.986159           495222.16       1785.86        
17       171.849088           -505.98         1745.72        
18       182.687201           75.91           1642.15        
19       205.824551           146.95          1457.55        
20       228.302350           683.27          1314.05        
21       239.053593           3309.12         1254.95        
22       249.292259           551.40          1203.41        
23       251.999460           456.84          1190.48        
24       260.368737           146.55          1152.21        
25       266.227029           281.53          1126.86        
26       268.392786           599.78          1117.76        
27       271.787191           432.33          1103.80        
28       274.582791           296.15          1092.57        
29       277.806363           135.31          1079.89        
30       282.851832           171.49          1060.63        
31       295.219486           153.39          1016.19        
32       318.010460           -1627.32        943.37         

============================================================
HIGHEST Q MODE:
============================================================
  Mode index: 15
  Frequency: 164.757172 THz
  Q factor: 6946320.53
  Wavelength: 1820.86 nm
  Mode volume: 1.979085
  Purcell Factor:  9.318348378527925e-16
