PHOTONIC CRYSTAL CAVITY MODE ANALYSIS
============================================================

Simulation Parameters:
  Width: 500 nm
  Length: 337 nm
  Number of defect holes: 12
  Number of mirrors: 17
  Resolution: 128

============================================================
DETECTED MODES:
============================================================
Mode     Frequency (THz)      Q Factor        Wavelength (nm)
------------------------------------------------------------
1        70.639956            -50.57          4246.89        
2        79.881161            121.43          3755.58        
3        87.224038            -1493.09        3439.42        
4        93.726726            25007.10        3200.79        
5        99.453268            4292.54         3016.49        
6        104.789305           -4389.41        2862.89        
7        109.869599           -20422.29       2730.51        
8        114.802383           -46847.14       2613.19        
9        119.620380           -24792.30       2507.93        
10       124.383758           434333.51       2411.89        
11       129.070506           -148170.82      2324.31        
12       133.702359           103336.45       2243.79        
13       138.246385           -308131.63      2170.04        
14       142.699461           1106532.12      2102.32        
15       147.022793           129395.49       2040.50        
16       151.179918           184206.09       1984.39        
17       155.127985           -283165.45      1933.89        
18       158.771481           1285032.71      1889.51        
19       161.988367           -932376.74      1851.98        
20       164.609123           -9058657.55     1822.50        
21       167.016317           -22697.07       1796.23        
22       169.932601           73.24           1765.41        
23       171.920416           -1753.78        1744.99        
24       173.409433           -197.90         1730.01        
25       203.459040           144.37          1474.50        
26       218.866228           244.54          1370.70        
27       234.379671           460.78          1279.97        
28       241.891752           1222.87         1240.22        
29       249.425288           60742.84        1202.76        
30       255.575329           148.73          1173.82        
31       263.315509           189.31          1139.32        
32       265.981829           503.48          1127.90        
33       267.248465           -1346.78        1122.55        
34       268.789907           966.45          1116.11        
35       270.960675           323.76          1107.17        
36       273.191567           305.25          1098.13        
37       276.231622           501.55          1086.05        
38       278.455913           272.05          1077.37        
39       280.069998           79.68           1071.16        
40       281.239556           194.11          1066.71        
41       284.437426           4072.28         1054.71        
42       295.297038           -525.80         1015.93        
43       312.478008           432.34          960.07         
44       325.545928           -3723.72        921.53         

============================================================
HIGHEST Q MODE:
============================================================
  Mode index: 18
  Frequency: 158.771481 THz
  Q factor: 1285032.71
  Wavelength: 1889.51 nm
  Mode volume: 1.741184
  Purcell Factor:  2.189442172013739e-16
