PHOTONIC CRYSTAL CAVITY MODE ANALYSIS
============================================================

Simulation Parameters:
  Width: 500 nm
  Length: 337 nm
  Number of defect holes: 10
  Number of mirrors: 14
  Resolution: 128

============================================================
DETECTED MODES:
============================================================
Mode     Frequency (THz)      Q Factor        Wavelength (nm)
------------------------------------------------------------
1        89.083058            -1759.19        3367.64        
2        96.555720            875.19          3107.01        
3        103.189699           -73204.28       2907.27        
4        109.410323           6130.06         2741.97        
5        115.393482           6240.67         2599.80        
6        121.234326           11898.03        2474.55        
7        126.963141           49733.60        2362.89        
8        132.602890           -521348.98      2262.39        
9        138.129551           37834.46        2171.87        
10       143.511335           -36800.18       2090.43        
11       148.705700           -242259.51      2017.41        
12       153.612882           -839665.45      1952.96        
13       158.142167           988582.69       1897.03        
14       162.047653           -271902.04      1851.31        
15       165.158313           1367354.02      1816.44        
16       168.076540           -219582.69      1784.90        
17       171.046526           3545.28         1753.91        
18       174.302138           -189.80         1721.15        
19       185.609947           113.62          1616.29        
20       208.665953           130.14          1437.70        
21       227.547128           267.01          1318.41        
22       244.281981           849.85          1228.09        
23       246.073349           1029.57         1219.15        
24       258.625325           131.09          1159.98        
25       264.286501           -1647.20        1135.13        
26       267.556337           -1193.39        1121.26        
27       268.217505           181.04          1118.50        
28       270.557954           327.71          1108.82        
29       273.631189           292.73          1096.37        
30       277.004144           174.20          1083.02        
31       280.294019           1327.32         1070.30        
32       282.678657           317.40          1061.28        
33       283.713292           175.12          1057.41        
34       301.117485           169.85          996.29         
35       321.413673           3938.01         933.38         

============================================================
HIGHEST Q MODE:
============================================================
  Mode index: 15
  Frequency: 165.158313 THz
  Q factor: 1367354.02
  Wavelength: 1816.44 nm
  Mode volume: 1.679174
  Purcell Factor:  2.1461773085622454e-16
