PHOTONIC CRYSTAL CAVITY MODE ANALYSIS
============================================================

Simulation Parameters:
  Width: 500 nm
  Length: 337 nm
  Number of defect holes: 7
  Number of mirrors: 15
  Resolution: 128

============================================================
DETECTED MODES:
============================================================
Mode     Frequency (THz)      Q Factor        Wavelength (nm)
------------------------------------------------------------
1        74.109523            -70.42          4048.06        
2        84.704342            203.79          3541.73        
3        93.777011            1526.99         3199.08        
4        101.319997           1675.16         2960.92        
5        108.287785           3027.45         2770.40        
6        114.889200           45711.48        2611.21        
7        121.301710           37050.95        2473.17        
8        127.585650           -16073.51       2351.36        
9        133.759144           28378.23        2242.84        
10       139.784970           68379.92        2146.15        
11       145.629019           50322.90        2060.03        
12       151.144034           -908.19         1984.86        
13       156.382947           118838.01       1918.37        
14       160.976505           1663834.21      1863.63        
15       164.700093           -119356.46      1821.49        
16       167.999949           -11350882.42    1785.71        
17       171.140163           37332.01        1752.95        
18       173.544812           -785.96         1728.66        
19       208.030732           150.06          1442.09        
20       228.037937           250.99          1315.57        
21       247.983044           3299.87         1209.76        
22       250.395829           223.68          1198.10        
23       265.094726           130.60          1131.67        
24       268.370651           566.71          1117.86        
25       270.051468           1012.73         1110.90        
26       273.183719           365.60          1098.16        
27       277.005317           237.75          1083.01        
28       280.602779           443.17          1069.13        
29       284.033216           -249.74         1056.21        
30       288.149308           114.14          1041.13        
31       310.780073           2955.00         965.31         

============================================================
HIGHEST Q MODE:
============================================================
  Mode index: 14
  Frequency: 160.976505 THz
  Q factor: 1663834.21
  Wavelength: 1863.63 nm
  Mode volume: 2.387295
  Purcell Factor:  1.9838009703308668e-16
