PHOTONIC CRYSTAL CAVITY MODE ANALYSIS
============================================================

Simulation Parameters:
  Width: 500 nm
  Length: 337 nm
  Number of defect holes: 9
  Number of mirrors: 15
  Resolution: 128

============================================================
DETECTED MODES:
============================================================
Mode     Frequency (THz)      Q Factor        Wavelength (nm)
------------------------------------------------------------
1        80.662249            93.36           3719.21        
2        89.258171            12149.80        3361.04        
3        96.730804            1779.86         3101.39        
4        103.358647           2295.55         2902.51        
5        109.615690           -36967.27       2736.83        
6        115.597621           -4425.88        2595.21        
7        119.492171           216.26          2510.62        
8        121.432313           -5436.39        2470.51        
9        127.175201           -9239.88        2358.95        
10       132.818432           -37059.11       2258.72        
11       138.347306           244859.13       2168.46        
12       143.737113           21580.98        2087.14        
13       148.921934           -296013.35      2014.48        
14       153.836186           48124.35        1950.13        
15       158.354017           63897.81        1894.49        
16       162.251853           388688.86       1848.98        
17       165.385495           193656.82       1813.94        
18       168.355835           90255.42        1781.94        
19       171.294516           5921.68         1751.37        
20       173.386215           -239.38         1730.24        
21       190.115077           109.28          1577.99        
22       209.085078           102.24          1434.82        
23       227.567639           256.70          1318.29        
24       245.438658           1326.69         1222.30        
25       246.688575           537.43          1216.11        
26       260.421390           121.10          1151.98        
27       264.741796           -5246.76        1133.18        
28       267.132550           -447.98         1123.04        
29       268.834705           1134.80         1115.93        
30       271.396341           245.14          1105.39        
31       274.333518           214.18          1093.56        
32       277.674650           368.19          1080.40        
33       280.738193           -516.75         1068.61        
34       282.707881           338.80          1061.17        
35       285.006240           170.07          1052.61        
36       321.755956           585.50          932.38         

============================================================
HIGHEST Q MODE:
============================================================
  Mode index: 16
  Frequency: 162.251853 THz
  Q factor: 388688.86
  Wavelength: 1848.98 nm
  Mode volume: 2.531023
  Purcell Factor:  4.268926072170656e-17
