PHOTONIC CRYSTAL CAVITY MODE ANALYSIS
============================================================

Simulation Parameters:
  Width: 500 nm
  Length: 337 nm
  Number of defect holes: 10
  Number of mirrors: 15
  Resolution: 128

============================================================
DETECTED MODES:
============================================================
Mode     Frequency (THz)      Q Factor        Wavelength (nm)
------------------------------------------------------------
1        78.768337            21998.33        3808.64        
2        87.060321            2567.52         3445.89        
3        94.628768            995.52          3170.28        
4        101.158848           1839.36         2965.63        
5        107.257349           -8710.98        2797.01        
6        113.022123           -2052.44        2654.35        
7        118.709805           80795.34        2527.17        
8        124.251150           -18726.95       2414.46        
9        129.705246           29542.52        2312.94        
10       135.075400           -34994.40       2220.98        
11       140.324085           -159724.74      2137.91        
12       145.428547           -6543559.49     2062.87        
13       150.332908           144819.60       1995.57        
14       154.949719           -209850.36      1936.11        
15       159.176658           -252258.74      1884.70        
16       162.767531           -513596.36      1843.12        
17       165.669355           976217.58       1810.84        
18       168.527263           83435.63        1780.13        
19       171.370355           6281.51         1750.59        
20       174.675467           157.62          1717.47        
21       181.799481           58.31           1650.17        
22       199.500956           402.57          1503.75        
23       218.358111           301.31          1373.89        
24       236.248094           517.77          1269.85        
25       244.481830           684.84          1227.09        
26       253.635121           -25942.96       1182.80        
27       259.528077           114.56          1155.94        
28       267.325770           -5856.82        1122.23        
29       267.537859           171.14          1121.34        
30       269.545896           508.02          1112.98        
31       271.544568           -1886.89        1104.79        
32       273.546070           486.16          1096.71        
33       277.074864           171.06          1082.74        
34       280.958181           925.51          1067.77        
35       284.048407           82.17           1056.16        
36       309.099704           111.49          970.56         
37       325.548136           -952.59         921.52         

============================================================
HIGHEST Q MODE:
============================================================
  Mode index: 17
  Frequency: 165.669355 THz
  Q factor: 976217.58
  Wavelength: 1810.84 nm
  Mode volume: 1.640728
  Purcell Factor:  1.5536919963281773e-16
