PHOTONIC CRYSTAL CAVITY MODE ANALYSIS
============================================================

Simulation Parameters:
  Width: 500 nm
  Length: 337 nm
  Number of defect holes: 7
  Number of mirrors: 18
  Resolution: 128

============================================================
DETECTED MODES:
============================================================
Mode     Frequency (THz)      Q Factor        Wavelength (nm)
------------------------------------------------------------
1        78.982422            69.18           3798.31        
2        87.380707            882.90          3433.25        
3        95.063324            710.98          3155.79        
4        101.623458           1576.52         2952.07        
5        107.755297           11112.33        2784.09        
6        113.604557           21848.66        2640.74        
7        119.280396           17229.49        2515.08        
8        124.841037           42133.77        2403.06        
9        130.323328           -63184.26       2301.97        
10       135.700324           -199216.36      2210.75        
11       140.957630           40956.57        2128.30        
12       146.069271           927482.21       2053.82        
13       150.970923           353437.01       1987.14        
14       155.578024           182884.74       1928.29        
15       159.779897           -768314.57      1877.58        
16       163.366304           -146694.51      1836.36        
17       166.394665           -126791.08      1802.94        
18       169.310847           -25162.03       1771.89        
19       171.878958           -18046.56       1745.41        
20       173.566060           -1015.19        1728.45        
21       200.155163           126.44          1498.84        
22       218.278293           160.00          1374.39        
23       236.378484           376.60          1269.15        
24       249.873824           295.62          1200.61        
25       254.675943           901.21          1177.97        
26       265.828879           129.73          1128.55        
27       267.510881           -7424.16        1121.45        
28       268.871606           1128.18         1115.77        
29       270.910776           3385.36         1107.38        
30       272.160331           -1978.93        1102.29        
31       274.886692           377.93          1091.36        
32       278.258180           269.81          1078.14        
33       281.434212           370.65          1065.97        
34       287.238269           101.69          1044.43        
35       306.693305           66.51           978.18         
36       325.616559           54.13           921.33         

============================================================
HIGHEST Q MODE:
============================================================
  Mode index: 12
  Frequency: 146.069271 THz
  Q factor: 927482.21
  Wavelength: 2053.82 nm
  Mode volume: 3.099342
  Purcell Factor:  1.1400950730867758e-16
