PHOTONIC CRYSTAL CAVITY MODE ANALYSIS
============================================================

Simulation Parameters:
  Width: 500 nm
  Length: 337 nm
  Number of defect holes: 14
  Number of mirrors: 16
  Resolution: 128

============================================================
DETECTED MODES:
============================================================
Mode     Frequency (THz)      Q Factor        Wavelength (nm)
------------------------------------------------------------
1        78.470283            8262.06         3823.10        
2        85.322632            12016.34        3516.07        
3        91.912318            -5209.30        3263.98        
4        97.568431            3322.67         3074.77        
5        102.798754           -7815.33        2918.32        
6        107.771793           19585.00        2783.66        
7        112.568592           -31109.06       2665.04        
8        117.257189           -27404.41       2558.48        
9        121.876158           -64160.39       2461.52        
10       126.429512           96720.60        2372.86        
11       130.932290           79750.49        2291.26        
12       135.363780           113734.71       2216.25        
13       139.720443           56290.12        2147.14        
14       143.974375           57625.31        2083.70        
15       148.102039           -999280.23      2025.63        
16       152.064341           167715.35       1972.85        
17       154.273685           2947.44         1944.60        
18       155.809215           337605.16       1925.43        
19       159.261400           595963.92       1883.70        
20       162.273962           1938672.32      1848.73        
21       164.703135           -454795.54      1821.46        
22       167.004721           -245179.47      1796.36        
23       169.476190           6905.83         1770.16        
24       171.715607           -5400.52        1747.07        
25       181.560374           75.30           1652.34        
26       196.494320           97.62           1526.76        
27       211.637006           171.71          1417.52        
28       226.521092           310.20          1324.38        
29       239.832542           2659.25         1250.87        
30       241.300486           1162.00         1243.26        
31       252.145162           203.43          1189.79        
32       255.979832           -1452.34        1171.97        
33       261.893171           118.65          1145.51        
34       267.225690           -412.24         1122.65        
35       267.556225           178.66          1121.26        
36       269.184445           663.69          1114.48        
37       270.757489           -864.14         1108.00        
38       272.628509           396.19          1100.40        
39       275.403706           188.69          1089.31        
40       278.288424           115.22          1078.02        
41       280.401454           130.41          1069.89        
42       285.278162           97.93           1051.61        
43       301.912267           110.22          993.67         
44       316.331772           -1340.91        948.37         
45       326.864020           230.84          917.81         

============================================================
HIGHEST Q MODE:
============================================================
  Mode index: 20
  Frequency: 162.273962 THz
  Q factor: 1938672.32
  Wavelength: 1848.73 nm
  Mode volume: 2.410255
  Purcell Factor:  2.2349943137807387e-16
