PHOTONIC CRYSTAL CAVITY MODE ANALYSIS
============================================================

Simulation Parameters:
  Width: 500 nm
  Length: 337 nm
  Number of defect holes: 16
  Number of mirrors: 15
  Resolution: 128

============================================================
DETECTED MODES:
============================================================
Mode     Frequency (THz)      Q Factor        Wavelength (nm)
------------------------------------------------------------
1        77.304588            2533.39         3880.75        
2        83.521767            724.81          3591.88        
3        90.153944            -1673.39        3327.64        
4        95.780767            1611.49         3132.15        
5        100.931717           -12195.90       2972.31        
6        105.795515           4242.23         2835.66        
7        110.480529           363542.67       2715.41        
8        115.045665           -15644.56       2607.66        
9        119.527510           -16433.75       2509.88        
10       123.955513           -18816.09       2420.22        
11       128.326289           -21908.05       2337.79        
12       132.646712           -24646.99       2261.65        
13       136.901908           -24379.21       2191.35        
14       141.079880           -139942.51      2126.45        
15       145.151622           55587.04        2066.80        
16       149.095454           57043.67        2012.13        
17       152.874645           -299060.67      1962.39        
18       156.432727           147788.75       1917.76        
19       159.704052           -2738224.78     1878.47        
20       162.455696           -1861.72        1846.66        
21       164.789738           349913.79       1820.50        
22       166.996323           -80875.09       1796.45        
23       169.454838           1608.62         1770.38        
24       190.590055           103.94          1574.06        
25       204.788145           146.45          1464.93        
26       219.145345           251.42          1368.95        
27       233.557593           638.87          1284.48        
28       238.253779           3491.64         1259.16        
29       247.392597           2916.19         1212.65        
30       250.418783           296.99          1197.99        
31       258.017550           130.59          1162.71        
32       261.990965           -1770.82        1145.08        
33       265.929107           173.06          1128.12        
34       267.353165           881.90          1122.11        
35       268.770345           552.39          1116.19        
36       270.766393           272.28          1107.97        
37       273.388633           375.47          1097.34        
38       278.760267           567.08          1076.19        
39       281.846241           350.00          1064.41        
40       291.945114           135.83          1027.59        
41       306.917769           177.92          977.46         
42       319.080306           -7572.47        940.20         

============================================================
HIGHEST Q MODE:
============================================================
  Mode index: 7
  Frequency: 110.480529 THz
  Q factor: 363542.67
  Wavelength: 2715.41 nm
  Mode volume: 2.260974
  Purcell Factor:  1.415742302664383e-16
