PHOTONIC CRYSTAL CAVITY MODE ANALYSIS
============================================================

Simulation Parameters:
  Width: 500 nm
  Length: 337 nm
  Number of defect holes: 10
  Number of mirrors: 6
  Resolution: 256

============================================================
DETECTED MODES:
============================================================
Mode     Frequency (THz)      Q Factor        Wavelength (nm)
------------------------------------------------------------
1        76.004771            -211.77         3947.12        
2        89.111378            1358.73         3366.57        
3        99.815713            1659.27         3005.54        
4        109.234460           64878.81        2746.39        
5        118.153988           46190.83        2539.06        
6        126.824399           45740.73        2365.48        
7        135.288659           198835.86       2217.48        
8        143.448686           -103658.19      2091.34        
9        151.147457           -362824.34      1984.82        
10       158.042165           -95877.05       1898.23        
11       163.402743           -77199.77       1835.95        
12       167.396613           26916.88        1792.15        
13       172.052996           3244.84         1743.65        
14       201.638829           92.68           1487.81        
15       229.826640           561.71          1305.33        
16       244.966440           825.21          1224.66        
17       256.314537           297.38          1170.44        
18       260.775693           133.90          1150.41        
19       268.029780           528.16          1119.28        
20       270.631401           210.89          1108.52        
21       276.224257           170.87          1086.07        
22       282.100363           781.85          1063.45        
23       284.031269           69.45           1056.22        
24       311.449063           57.62           963.24         
25       315.999301           384.51          949.37         

============================================================
HIGHEST Q MODE:
============================================================
  Mode index: 7
  Frequency: 135.288659 THz
  Q factor: 198835.86
  Wavelength: 2217.48 nm
  Mode volume: 3.600684
