PHOTONIC CRYSTAL CAVITY MODE ANALYSIS
============================================================

Simulation Parameters:
  Width: 500 nm
  Length: 337 nm
  Number of defect holes: 7
  Number of mirrors: 13
  Resolution: 128

============================================================
DETECTED MODES:
============================================================
Mode     Frequency (THz)      Q Factor        Wavelength (nm)
------------------------------------------------------------
1        78.933390            -568.78         3800.67        
2        89.484922            1495.13         3352.52        
3        98.376604            497.28          3049.51        
4        106.215929           8527.11         2824.44        
5        113.562471           -5651.06        2641.72        
6        120.655925           -8478.57        2486.41        
7        127.584878           -179076.94      2351.38        
8        134.369921           27515.06        2232.64        
9        140.977546           -134320.24      2128.00        
10       147.346683           38100.82        2036.01        
11       153.342003           43547.51        1956.41        
12       158.768116           307674.69       1889.55        
13       163.268058           163596.34       1837.47        
14       166.908757           -72425.51       1797.39        
15       170.463899           44414.51        1759.90        
16       173.173678           -33874.70       1732.36        
17       205.781578           201.93          1457.86        
18       228.534529           271.60          1312.71        
19       249.420773           432.39          1202.79        
20       251.416484           560.64          1193.24        
21       265.738462           130.71          1128.93        
22       267.726387           2087.45         1120.55        
23       269.931776           506.66          1111.39        
24       272.556473           -1379.95        1100.69        
25       274.763741           403.84          1091.85        
26       279.108759           194.85          1074.85        
27       282.970156           356.41          1060.18        
28       286.901635           74.15           1045.65        
29       311.369305           68.55           963.49         

============================================================
HIGHEST Q MODE:
============================================================
  Mode index: 12
  Frequency: 158.768116 THz
  Q factor: 307674.69
  Wavelength: 1889.55 nm
  Mode volume: 2.008509
  Purcell Factor:  4.5447460888865984e-17
