PHOTONIC CRYSTAL CAVITY MODE ANALYSIS
============================================================

Simulation Parameters:
  Width: 500 nm
  Length: 337 nm
  Number of defect holes: 16
  Number of mirrors: 10
  Resolution: 128

============================================================
DETECTED MODES:
============================================================
Mode     Frequency (THz)      Q Factor        Wavelength (nm)
------------------------------------------------------------
1        76.454190            167.43          3923.92        
2        84.507878            -706.68         3549.96        
3        91.978511            404861.89       3261.63        
4        98.397058            1684.71         3048.87        
5        104.284560           29280.01        2876.74        
6        109.865961           2681.74         2730.60        
7        115.271277           32336.97        2602.56        
8        120.606286           -5611.25        2487.43        
9        125.866999           17397.96        2383.47        
10       130.979795           -2074.95        2290.43        
11       136.136135           344758.56       2203.68        
12       141.113058           53770.33        2125.95        
13       145.954735           33813.58        2055.43        
14       150.586367           -41706145.50    1992.21        
15       154.956131           -80450.34       1936.03        
16       158.938617           61310.70        1887.52        
17       162.321350           -63507.43       1848.19        
18       164.916112           -68370.23       1819.11        
19       167.504370           4541.22         1791.00        
20       170.727708           251.08          1757.18        
21       172.092288           -652.32         1743.25        
22       192.477567           425.75          1558.62        
23       209.853715           229.80          1429.57        
24       227.088268           491.97          1321.07        
25       238.239141           4213.57         1259.24        
26       243.894666           -4663.81        1230.04        
27       250.274620           294.34          1198.68        
28       257.588027           143.96          1164.65        
29       261.398416           -915.25         1147.67        
30       266.132994           182.12          1127.26        
31       267.751984           1424.52         1120.44        
32       269.642515           382.03          1112.58        
33       272.464425           332.70          1101.06        
34       276.811844           -401.64         1083.77        
35       278.838874           -458.97         1075.89        
36       283.080125           166.13          1059.77        
37       308.107340           58.37           973.69         
38       313.797748           -1799.82        956.03         

============================================================
HIGHEST Q MODE:
============================================================
  Mode index: 3
  Frequency: 91.978511 THz
  Q factor: 404861.89
  Wavelength: 3261.63 nm
  Mode volume: 3.878210
  Purcell Factor:  1.5929349052098574e-16
