PHOTONIC CRYSTAL CAVITY MODE ANALYSIS
============================================================

Simulation Parameters:
  Width: 500 nm
  Length: 337 nm
  Number of defect holes: 10
  Number of mirrors: 11
  Resolution: 128

============================================================
DETECTED MODES:
============================================================
Mode     Frequency (THz)      Q Factor        Wavelength (nm)
------------------------------------------------------------
1        76.722463            -323.73         3910.20        
2        86.913346            -2371.27        3451.71        
3        95.833550            2195.28         3130.43        
4        103.470228           4909.58         2899.38        
5        110.601092           35239.06        2712.45        
6        117.430108           -7753.30        2554.71        
7        124.085963           61201.00        2417.68        
8        130.596399           -16843.89       2297.15        
9        136.994463           36125.89        2189.87        
10       143.196244           -347315.92      2095.03        
11       149.157886           -172981.30      2011.29        
12       154.738071           263759.25       1938.76        
13       159.759233           202271.83       1877.83        
14       163.820626           -261445.94      1831.27        
15       167.072898           255390.25       1795.62        
16       170.599662           63208.03        1758.50        
17       173.616579           -636.78         1727.95        
18       195.494580           66.19           1534.57        
19       217.456865           174.44          1379.58        
20       238.795206           1066.95         1256.31        
21       245.514560           587.87          1221.92        
22       258.247498           177.78          1161.68        
23       261.564582           228.71          1146.94        
24       268.842309           578.77          1115.90        
25       269.858290           204.27          1111.69        
26       272.722978           253.65          1100.02        
27       276.645833           406.10          1084.42        
28       280.277867           -700.63         1070.37        
29       282.679127           399.42          1061.27        
30       285.562644           150.07          1050.56        
31       303.931713           130.36          987.06         
32       324.839113           -79638.10       923.53         

============================================================
HIGHEST Q MODE:
============================================================
  Mode index: 12
  Frequency: 154.738071 THz
  Q factor: 263759.25
  Wavelength: 1938.76 nm
  Mode volume: 1.072503
