PHOTONIC CRYSTAL CAVITY MODE ANALYSIS
============================================================

Simulation Parameters:
  Width: 500 nm
  Length: 337 nm
  Number of defect holes: 9
  Number of mirrors: 10
  Resolution: 128

============================================================
DETECTED MODES:
============================================================
Mode     Frequency (THz)      Q Factor        Wavelength (nm)
------------------------------------------------------------
1        79.642812            20108.94        3766.82        
2        91.726542            2026.71         3270.59        
3        100.502732           -2432.45        2984.99        
4        108.486285           11651.83        2765.33        
5        116.079251           -22716.01       2584.44        
6        123.424998           -23725.72       2430.63        
7        130.634502           71938.59        2296.48        
8        137.669056           -41654.21       2179.14        
9        144.486034           24548.18        2076.33        
10       150.942779           -106923.05      1987.51        
11       152.652089           64.73           1965.25        
12       156.879419           -199094.82      1912.30        
13       161.893994           507137.90       1853.06        
14       165.677281           -438989.07      1810.75        
15       169.393022           95806.38        1771.03        
16       172.617957           -1275.61        1737.94        
17       197.431265           -65.58          1519.52        
18       216.829564           188.55          1383.58        
19       240.453761           636.65          1247.64        
20       241.870640           -229.67         1240.33        
21       246.148988           430.68          1218.77        
22       259.942790           121.42          1154.10        
23       264.405966           -1341.92        1134.62        
24       267.683464           2758.85         1120.73        
25       270.086577           245.93          1110.75        
26       273.779518           180.18          1095.77        
27       278.356236           188.55          1077.76        
28       282.190355           2036.30         1063.11        
29       284.877449           55.68           1053.08        
30       314.245968           205.00          954.67         

============================================================
HIGHEST Q MODE:
============================================================
  Mode index: 13
  Frequency: 161.893994 THz
  Q factor: 507137.90
  Wavelength: 1853.06 nm
  Mode volume: 1.414989
  Purcell Factor:  1.0029106926692562e-16
