PHOTONIC CRYSTAL CAVITY MODE ANALYSIS
============================================================

Simulation Parameters:
  Width: 500 nm
  Length: 337 nm
  Number of defect holes: 6
  Number of mirrors: 17
  Resolution: 128

============================================================
DETECTED MODES:
============================================================
Mode     Frequency (THz)      Q Factor        Wavelength (nm)
------------------------------------------------------------
1        71.512550            -51.29          4195.07        
2        82.540397            185.05          3634.58        
3        91.712782            1766.01         3271.08        
4        99.270278            643.24          3022.05        
5        106.088985           1900.54         2827.81        
6        112.531984           4638.88         2665.91        
7        118.746196           -15664.55       2526.40        
8        124.814444           -12136.00       2403.57        
9        130.770677           -56318.48       2294.09        
10       136.618337           95806.69        2195.90        
11       142.324999           63765.09        2107.85        
12       147.825159           106540.44       2029.42        
13       153.048883           69524.47        1960.16        
14       157.875730           -153856.08      1900.23        
15       162.080334           -124322.59      1850.93        
16       165.577455           152425.67       1811.84        
17       168.782433           -312135.20      1777.44        
18       171.604674           -29574.31       1748.20        
19       173.589973           -1665.28        1728.21        
20       218.235694           197.68          1374.66        
21       237.531827           403.19          1262.99        
22       252.444762           218.99          1188.38        
23       256.842067           9062.34         1168.03        
24       267.480330           838.31          1121.58        
25       268.119514           300.65          1118.90        
26       269.788156           307.87          1111.98        
27       272.459058           307.44          1101.08        
28       275.145186           -3781.44        1090.33        
29       276.988703           983.52          1083.08        
30       280.651649           347.56          1068.94        
31       283.670981           1245.84         1057.56        
32       289.783273           85.93           1035.26        

============================================================
HIGHEST Q MODE:
============================================================
  Mode index: 16
  Frequency: 165.577455 THz
  Q factor: 152425.67
  Wavelength: 1811.84 nm
  Mode volume: 2.608167
  Purcell Factor:  1.5286241572711795e-17
