PHOTONIC CRYSTAL CAVITY MODE ANALYSIS
============================================================

Simulation Parameters:
  Width: 500 nm
  Length: 337 nm
  Number of defect holes: 13
  Number of mirrors: 9
  Resolution: 128

============================================================
DETECTED MODES:
============================================================
Mode     Frequency (THz)      Q Factor        Wavelength (nm)
------------------------------------------------------------
1        73.861246            -82.46          4061.67        
2        84.031214            687.61          3570.10        
3        92.869714            182992.81       3230.33        
4        100.264834           5022.75         2992.08        
5        107.102150           -64706.50       2801.06        
6        113.626891           -38375.07       2640.22        
7        119.981846           -11895.40       2500.38        
8        126.217579           41767.80        2376.85        
9        132.349152           -815081.60      2266.73        
10       138.367545           -2150.49        2168.14        
11       144.178830           -85211.50       2080.75        
12       149.757649           51027.74        2003.24        
13       154.970410           177369.90       1935.85        
14       159.628594           -985004.17      1879.36        
15       163.371082           -780700.86      1836.31        
16       166.348816           -1029.48        1803.44        
17       169.611006           84550.09        1768.75        
18       173.174659           133.69          1732.36        
19       207.406374           184.13          1446.44        
20       227.869239           409.99          1316.54        
21       240.830036           1934.26         1245.69        
22       247.743035           -2305.40        1210.93        
23       254.192605           179.97          1180.21        
24       262.400778           129.28          1143.29        
25       267.118518           844.97          1123.10        
26       268.145254           1268.73         1118.80        
27       270.302171           434.69          1109.87        
28       273.810904           158.90          1095.65        
29       278.109650           102.35          1078.71        
30       281.169840           80.66           1066.97        
31       288.652128           -90.34          1039.31        
32       310.799123           201.44          965.25         
33       326.736970           401.23          918.17         

============================================================
HIGHEST Q MODE:
============================================================
  Mode index: 3
  Frequency: 92.869714 THz
  Q factor: 182992.81
  Wavelength: 3230.33 nm
  Mode volume: 3.497008
  Purcell Factor:  7.757051703558742e-17
