PHOTONIC CRYSTAL CAVITY MODE ANALYSIS
============================================================

Simulation Parameters:
  Width: 500 nm
  Length: 337 nm
  Number of defect holes: 10
  Number of mirrors: 10
  Resolution: 128

============================================================
DETECTED MODES:
============================================================
Mode     Frequency (THz)      Q Factor        Wavelength (nm)
------------------------------------------------------------
1        79.653334            -85.50          3766.32        
2        89.335789            -586.91         3358.12        
3        98.136818            3441.10         3056.96        
4        105.994870           2614.62         2830.33        
5        113.328398           7182.10         2647.17        
6        120.401699           4866.34         2491.66        
7        127.307093           13523.15        2356.51        
8        134.094578           -13764.19       2237.23        
9        140.708261           26753.83        2132.07        
10       147.070120           -19285.21       2039.84        
11       153.075162           23919.64        1959.82        
12       158.536672           -484781.71      1892.31        
13       163.046084           -623424.40      1839.97        
14       166.497562           232523.26       1801.83        
15       170.112819           -15710.85       1763.54        
16       173.350951           -51311.35       1730.59        
17       206.529698           101.76          1452.58        
18       228.451173           300.52          1313.19        
19       245.356451           744.92          1222.71        
20       250.618801           -2032.29        1197.04        
21       260.484298           119.91          1151.70        
22       268.499922           402.17          1117.32        
23       269.333330           245.69          1113.86        
24       272.040431           1025.43         1102.78        
25       274.245942           615.13          1093.91        
26       278.452537           240.67          1077.38        
27       282.704349           172.40          1061.18        
28       284.493673           324.10          1054.50        
29       319.353033           420.18          939.40         

============================================================
HIGHEST Q MODE:
============================================================
  Mode index: 14
  Frequency: 166.497562 THz
  Q factor: 232523.26
  Wavelength: 1801.83 nm
  Mode volume: 1.919120
