PHOTONIC CRYSTAL CAVITY MODE ANALYSIS
============================================================

Simulation Parameters:
  Width: 500 nm
  Length: 337 nm
  Number of defect holes: 8
  Number of mirrors: 12
  Resolution: 128

============================================================
DETECTED MODES:
============================================================
Mode     Frequency (THz)      Q Factor        Wavelength (nm)
------------------------------------------------------------
1        79.175450            -2371.12        3789.05        
2        89.361309            -3629.89        3357.16        
3        98.177306            826.13          3055.70        
4        106.005563           3855.57         2830.04        
5        113.335006           -435698.47      2647.02        
6        120.415632           248210.38       2491.37        
7        127.327495           -54176.79       2356.13        
8        134.105380           -45559.89       2237.05        
9        140.717952           64251.74        2131.92        
10       147.073876           294276.06       2039.79        
11       153.081867           104023.58       1959.74        
12       158.513741           -587610.75      1892.58        
13       162.990162           34501.18        1840.60        
14       166.583244           -3037980.68     1800.90        
15       170.179579           -14016.90       1762.84        
16       173.081341           -1304.33        1733.29        
17       184.412853           65.45           1626.78        
18       205.862036           136.46          1457.29        
19       228.497139           280.90          1312.93        
20       247.594131           424.14          1211.66        
21       250.930468           267.45          1195.55        
22       263.529819           113.32          1138.39        
23       267.596768           1007.47         1121.09        
24       269.596215           341.20          1112.78        
25       272.074236           1903.39         1102.64        
26       274.383531           675.63          1093.36        
27       278.779188           157.89          1076.12        
28       283.011573           239.61          1060.03        
29       286.954881           69.92           1045.46        
30       319.265450           256.69          939.66         

============================================================
HIGHEST Q MODE:
============================================================
  Mode index: 10
  Frequency: 147.073876 THz
  Q factor: 294276.06
  Wavelength: 2039.79 nm
  Mode volume: 2.270711
  Purcell Factor:  4.836910000517939e-17
