PHOTONIC CRYSTAL CAVITY MODE ANALYSIS
============================================================

Simulation Parameters:
  Width: 500 nm
  Length: 337 nm
  Number of defect holes: 11
  Number of mirrors: 15
  Resolution: 128

============================================================
DETECTED MODES:
============================================================
Mode     Frequency (THz)      Q Factor        Wavelength (nm)
------------------------------------------------------------
1        76.809741            21154.63        3905.75        
2        84.938447            1615.99         3531.97        
3        92.603160            905.28          3239.63        
4        99.079859            6713.86         3027.86        
5        105.040563           -7148.58        2856.04        
6        110.703132           -3302.01        2709.95        
7        116.197841           105279.00       2581.80        
8        121.539803           45141.14        2468.33        
9        126.857678           9452.33         2364.85        
10       132.024938           318688.78       2272.30        
11       137.127220           259702.27       2187.75        
12       142.130518           193753.45       2110.74        
13       146.965260           -78460.78       2041.30        
14       151.604098           128117.13       1978.84        
15       155.952384           238857.31       1923.66        
16       159.905908           -427314.16      1876.10        
17       163.217259           280888.69       1838.04        
18       165.926663           -705946.66      1808.03        
19       168.682839           -11404.54       1778.49        
20       171.415005           -472.67         1750.14        
21       173.235002           1512.54         1731.75        
22       209.770143           159.24          1430.14        
23       227.193953           278.62          1320.46        
24       242.949437           1220.88         1234.82        
25       244.390732           902.94          1227.54        
26       256.619713           140.65          1169.05        
27       261.326347           -2411.90        1147.99        
28       266.953040           278.29          1123.79        
29       267.798405           315.00          1120.25        
30       269.533931           488.49          1113.03        
31       272.254188           205.00          1101.91        
32       275.041848           206.47          1090.74        
33       278.223087           3941.09         1078.27        
34       279.706960           119.91          1072.55        
35       281.280168           3215.99         1066.55        
36       284.367600           144.87          1054.97        
37       314.148299           500.95          954.96         

============================================================
HIGHEST Q MODE:
============================================================
  Mode index: 10
  Frequency: 132.024938 THz
  Q factor: 318688.78
  Wavelength: 2272.30 nm
  Mode volume: 3.730456
  Purcell Factor:  4.407764872937123e-17
