PHOTONIC CRYSTAL CAVITY MODE ANALYSIS
============================================================

Simulation Parameters:
  Width: 500 nm
  Length: 337 nm
  Number of defect holes: 15
  Number of mirrors: 18
  Resolution: 128

============================================================
DETECTED MODES:
============================================================
Mode     Frequency (THz)      Q Factor        Wavelength (nm)
------------------------------------------------------------
1        73.565189            -74.94          4078.02        
2        81.282183            -192.98         3690.85        
3        87.151542            -757.41         3442.28        
4        92.908114            -5232.75        3229.00        
5        98.033521            17169.93        3060.18        
6        102.769488           88656.54        2919.15        
7        107.295071           53438.20        2796.03        
8        111.672614           35231.43        2686.42        
9        115.953424           -167890.11      2587.25        
10       120.166043           -7170.47        2496.55        
11       124.333732           -4891.73        2412.86        
12       128.451163           -33900.63       2335.52        
13       132.503532           462779.95       2264.09        
14       136.510168           30642.29        2197.64        
15       140.442475           -13840.08       2136.11        
16       144.302388           -377889.64      2078.97        
17       148.039279           32511.24        2026.49        
18       151.656707           3511504.63      1978.15        
19       155.089353           -88376.08       1934.37        
20       158.307041           36563.98        1895.05        
21       161.219185           -9661.34        1860.82        
22       163.650413           -275902.26      1833.18        
23       165.721806           297491.41       1810.26        
24       167.917920           59381.62        1786.59        
25       170.160039           -8867.38        1763.05        
26       179.269892           117.40          1673.45        
27       191.939364           147.23          1562.99        
28       205.701724           95.53           1458.42        
29       219.439416           258.84          1367.12        
30       232.928143           445.34          1287.95        
31       239.053481           2739.73         1254.95        
32       246.127440           4175.56         1218.88        
33       251.376768           234.95          1193.43        
34       258.404507           222.58          1160.97        
35       261.086743           252.39          1149.04        
36       266.544413           262.59          1125.52        
37       268.719297           1756.63         1116.41        
38       270.389462           662.93          1109.51        
39       272.298719           -1394.53        1101.73        
40       273.726795           531.80          1095.98        
41       276.558725           355.14          1084.76        
42       278.769129           69.01           1076.16        
43       279.757785           246.82          1072.36        
44       283.857228           -1405.35        1056.87        
45       301.304170           168.02          995.67         
46       314.622188           -1601.61        953.52         
47       324.868795           231.19          923.45         

============================================================
HIGHEST Q MODE:
============================================================
  Mode index: 18
  Frequency: 151.656707 THz
  Q factor: 3511504.63
  Wavelength: 1978.15 nm
  Mode volume: 2.235561
  Purcell Factor:  5.346915613289844e-16
