PHOTONIC CRYSTAL CAVITY MODE ANALYSIS
============================================================

Simulation Parameters:
  Width: 500 nm
  Length: 337 nm
  Number of defect holes: 8
  Number of mirrors: 11
  Resolution: 128

============================================================
DETECTED MODES:
============================================================
Mode     Frequency (THz)      Q Factor        Wavelength (nm)
------------------------------------------------------------
1        81.397033            1705.05         3685.64        
2        91.846759            1306.85         3266.31        
3        100.700225           1047.85         2979.14        
4        108.717037           -10003.28       2759.46        
5        116.303857           12324.14        2579.45        
6        123.687209           12992.77        2425.47        
7        130.895246           30001.34        2291.91        
8        137.950176           -205972.72      2174.70        
9        144.757736           -103568.56      2072.43        
10       151.227729           110422.66       1983.76        
11       157.143941           239678.50       1909.08        
12       162.147964           -143102.60      1850.16        
13       165.971913           -537665.19      1807.53        
14       169.720792           14351.88        1767.61        
15       173.000699           4986.46         1734.10        
16       193.052076           52.40           1553.98        
17       216.932806           210.65          1382.92        
18       240.542011           1099.87         1247.18        
19       247.966185           338.23          1209.84        
20       261.770358           150.76          1146.04        
21       265.178232           423.57          1131.31        
22       267.546725           -612.20         1121.30        
23       270.579285           692.38          1108.73        
24       274.488550           184.10          1092.94        
25       278.911302           190.54          1075.61        
26       282.771323           -3325.52        1060.93        
27       285.539868           59.75           1050.64        

============================================================
HIGHEST Q MODE:
============================================================
  Mode index: 11
  Frequency: 157.143941 THz
  Q factor: 239678.50
  Wavelength: 1909.08 nm
  Mode volume: 1.219977
  Purcell Factor:  6.011267622898042e-17
