PHOTONIC CRYSTAL CAVITY MODE ANALYSIS
============================================================

Simulation Parameters:
  Width: 500 nm
  Length: 337 nm
  Number of defect holes: 14
  Number of mirrors: 11
  Resolution: 128

============================================================
DETECTED MODES:
============================================================
Mode     Frequency (THz)      Q Factor        Wavelength (nm)
------------------------------------------------------------
1        78.185701            111.26          3837.02        
2        86.668952            3225.50         3461.45        
3        93.794787            -6384.13        3198.47        
4        100.544734           6414.42         2983.75        
5        106.567972           -16447.60       2815.10        
6        112.336500           -52456.49       2670.55        
7        117.938904           -37307.99       2543.69        
8        123.466099           -7740.97        2429.82        
9        128.894495           59060.52        2327.48        
10       134.247224           51792.86        2234.68        
11       139.487419           -44118.85       2150.73        
12       144.582628           123825.47       2074.94        
13       149.485914           93053.33        2006.88        
14       154.109693           -538155.70      1946.67        
15       158.363703           504171.58       1894.37        
16       162.013001           177223.21       1851.70        
17       164.822439           63425.52        1820.14        
18       166.610537           -134.56         1800.61        
19       170.508358           2186.56         1759.44        
20       182.216725           -163.28         1646.39        
21       199.879868           114.85          1500.90        
22       218.402084           231.21          1373.61        
23       236.126294           1086.33         1270.51        
24       239.913139           1823.01         1250.45        
25       251.609219           224.50          1192.33        
26       254.259648           -9253.84        1179.90        
27       261.821459           129.57          1145.82        
28       267.129894           189.37          1123.05        
29       267.450115           -1958.96        1121.70        
30       270.259754           549.51          1110.04        
31       272.152718           -2804.37        1102.32        
32       275.092341           82.62           1090.54        
33       279.420694           -388.78         1073.65        
34       282.249315           206.91          1062.89        
35       309.370153           232.48          969.71         
36       323.914991           434.41          926.17         

============================================================
HIGHEST Q MODE:
============================================================
  Mode index: 15
  Frequency: 158.363703 THz
  Q factor: 504171.58
  Wavelength: 1894.37 nm
  Mode volume: 2.484254
  Purcell Factor:  6.067321101122685e-17
