PHOTONIC CRYSTAL CAVITY MODE ANALYSIS
============================================================

Simulation Parameters:
  Width: 500 nm
  Length: 337 nm
  Number of defect holes: 16
  Number of mirrors: 16
  Resolution: 128

============================================================
DETECTED MODES:
============================================================
Mode     Frequency (THz)      Q Factor        Wavelength (nm)
------------------------------------------------------------
1        75.129321            -148.10         3993.11        
2        81.887142            106.25          3663.58        
3        88.677702            -997.89         3383.04        
4        94.321027            788.87          3180.63        
5        99.382753            6403.12         3018.63        
6        104.195825           3618.27         2879.19        
7        108.792599           18064.08        2757.54        
8        113.254691           -8948.03        2648.90        
9        117.623508           -6970.33        2550.51        
10       121.937853           -8091.55        2460.27        
11       126.196007           -12846.25       2377.25        
12       130.412232           3649872.94      2300.40        
13       134.563796           16753.80        2229.43        
14       138.656105           21325.73        2163.63        
15       142.660790           49861.58        2102.89        
16       146.572160           -124431.37      2046.77        
17       150.344244           -746.83         1995.42        
18       153.946803           -93612.11       1948.73        
19       157.325708           114536.25       1906.87        
20       160.415389           259076.36       1870.14        
21       163.037745           168813.88       1840.06        
22       165.179460           -303071.12      1816.21        
23       167.371530           20226.40        1792.42        
24       169.690571           4893.18         1767.92        
25       198.599407           83.22           1510.58        
26       212.412645           160.46          1412.35        
27       226.266125           346.69          1325.87        
28       238.222330           4323.45         1259.33        
29       240.117263           1193.11         1249.39        
30       249.933221           272.73          1200.32        
31       253.663513           -2237.92        1182.67        
32       258.978834           132.03          1158.40        
33       264.591210           172.91          1133.82        
34       267.625298           -3370.21        1120.97        
35       269.013576           1207.32         1115.19        
36       270.921583           456.12          1107.33        
37       273.613594           1648.81         1096.44        
38       276.343768           178.99          1085.60        
39       278.267899           50.56           1078.10        
40       281.403253           1619.81         1066.09        
41       283.853628           -80.05          1056.88        
42       311.031538           861.38          964.53         
43       321.682377           387.96          932.60         

============================================================
HIGHEST Q MODE:
============================================================
  Mode index: 12
  Frequency: 130.412232 THz
  Q factor: 3649872.94
  Wavelength: 2300.40 nm
  Mode volume: 2.889820
  Purcell Factor:  6.761351439498189e-16
