PHOTONIC CRYSTAL CAVITY MODE ANALYSIS
============================================================

Simulation Parameters:
  Width: 500 nm
  Length: 337 nm
  Number of defect holes: 12
  Number of mirrors: 11
  Resolution: 128

============================================================
DETECTED MODES:
============================================================
Mode     Frequency (THz)      Q Factor        Wavelength (nm)
------------------------------------------------------------
1        71.328419            -55.16          4205.90        
2        82.260149            129.82          3646.97        
3        90.926461            -1297.58        3299.37        
4        98.295144            -70068.87       3052.03        
5        105.018701           4270.90         2856.63        
6        111.357073           -10332.71       2694.04        
7        117.495375           -92461.22       2553.29        
8        123.524742           22317.77        2428.66        
9        129.444352           26535.07        2317.60        
10       135.266390           37650.67        2217.85        
11       140.943300           25858.75        2128.52        
12       146.404236           -990.80         2049.12        
13       151.672241           -100048.45      1977.95        
14       156.529124           135313.42       1916.58        
15       160.791639           2462.61         1865.77        
16       164.176942           101944.75       1827.30        
17       167.073614           44099.68        1795.62        
18       170.324710           -2714.75        1761.34        
19       197.961848           98.67           1515.44        
20       217.913012           258.46          1376.70        
21       237.337243           1000.42         1264.02        
22       241.930551           1030.80         1240.03        
23       254.225067           175.35          1180.06        
24       257.289971           1893.56         1166.00        
25       265.166301           144.89          1131.37        
26       267.651041           5090.72         1120.86        
27       269.570778           326.96          1112.88        
28       272.537287           249.54          1100.77        
29       275.953653           -311.46         1087.14        
30       278.603256           68.90           1076.80        
31       280.081452           90.91           1071.12        
32       283.844247           960.17          1056.92        
33       316.360630           71120.67        948.28         

============================================================
HIGHEST Q MODE:
============================================================
  Mode index: 14
  Frequency: 156.529124 THz
  Q factor: 135313.42
  Wavelength: 1916.58 nm
  Mode volume: 3.445992
  Purcell Factor:  1.215689623076197e-17
