PHOTONIC CRYSTAL CAVITY MODE ANALYSIS
============================================================

Simulation Parameters:
  Width: 500 nm
  Length: 337 nm
  Number of defect holes: 10
  Number of mirrors: 11
  Resolution: 128

============================================================
DETECTED MODES:
============================================================
Mode     Frequency (THz)      Q Factor        Wavelength (nm)
------------------------------------------------------------
1        76.412738            -806.93         3926.05        
2        86.647968            1580.35         3462.29        
3        95.523603            767.81          3140.59        
4        103.107697           269377.66       2909.58        
5        110.191845           -29118.69       2722.52        
6        116.964329           16902.52        2564.88        
7        123.597099           -12401.50       2427.24        
8        130.099296           32015.98        2305.93        
9        136.478641           -50698.51       2198.15        
10       142.670034           73699.27        2102.75        
11       148.628020           55892.06        2018.46        
12       154.205462           188773.80       1945.46        
13       159.239329           735515.98       1883.96        
14       163.326047           319070.53       1836.82        
15       166.562551           -121636.92      1801.13        
16       170.008886           -9675.62        1764.61        
17       172.659695           -3644.23        1737.52        
18       181.696647           398.82          1651.10        
19       195.265086           150.93          1536.37        
20       217.350651           181.61          1380.26        
21       238.788779           1201.89         1256.34        
22       244.536827           598.96          1226.81        
23       257.524685           148.01          1164.94        
24       260.913418           657.69          1149.81        
25       267.501351           602.68          1121.49        
26       268.562633           211.28          1117.06        
27       271.521807           233.40          1104.88        
28       275.506983           242.34          1088.90        
29       279.441653           1850.86         1073.57        
30       281.569389           196.15          1065.46        
31       283.676853           120.70          1057.54        
32       301.690508           565.60          994.40         
33       324.518415           -1783.66        924.45         

============================================================
HIGHEST Q MODE:
============================================================
  Mode index: 13
  Frequency: 159.239329 THz
  Q factor: 735515.98
  Wavelength: 1883.96 nm
  Mode volume: 2.213591
  Purcell Factor:  9.770690692998038e-17
