PHOTONIC CRYSTAL CAVITY MODE ANALYSIS
============================================================

Simulation Parameters:
  Width: 500 nm
  Length: 337 nm
  Number of defect holes: 8
  Number of mirrors: 16
  Resolution: 128

============================================================
DETECTED MODES:
============================================================
Mode     Frequency (THz)      Q Factor        Wavelength (nm)
------------------------------------------------------------
1        80.670256            -320.70         3718.84        
2        89.365058            -1337.12        3357.02        
3        96.845676            1239.00         3097.71        
4        103.559260           3873.58         2896.89        
5        109.777971           -6096.83        2732.79        
6        115.772755           -29999.86       2591.28        
7        121.631606           56942.62        2466.46        
8        127.375935           42749.05        2355.23        
9        133.024189           -424659.78      2255.23        
10       138.568794           -38371.53       2164.99        
11       143.956626           7517752.80      2083.96        
12       149.143695           67409.40        2011.48        
13       154.059327           1776387.71      1947.30        
14       158.561232           -589494.99      1892.01        
15       162.460277           202525.71       1846.61        
16       165.620705           -470554.85      1811.37        
17       168.635740           -56203.51       1778.98        
18       171.489047           -14601.00       1749.38        
19       173.470561           2766.36         1729.40        
20       188.736555           85.76           1589.52        
21       208.620768           86.88           1438.02        
22       227.643262           262.55          1317.85        
23       245.907466           2900.01         1219.97        
24       248.114199           297.65          1209.12        
25       262.283985           127.63          1143.80        
26       265.423051           809.48          1130.27        
27       267.350835           970.02          1122.12        
28       269.043129           554.79          1115.06        
29       271.680164           359.83          1104.24        
30       274.740724           257.11          1091.94        
31       278.075893           250.48          1078.84        
32       280.764043           -1353.11        1068.51        
33       283.027813           472.32          1059.97        
34       285.582087           78.56           1050.49        
35       324.887919           430.71          923.40         

============================================================
HIGHEST Q MODE:
============================================================
  Mode index: 11
  Frequency: 143.956626 THz
  Q factor: 7517752.80
  Wavelength: 2083.96 nm
  Mode volume: 2.093240
  Purcell Factor:  1.4294062217999356e-15
