PHOTONIC CRYSTAL CAVITY MODE ANALYSIS
============================================================

Simulation Parameters:
  Width: 500 nm
  Length: 337 nm
  Number of defect holes: 15
  Number of mirrors: 17
  Resolution: 128

============================================================
DETECTED MODES:
============================================================
Mode     Frequency (THz)      Q Factor        Wavelength (nm)
------------------------------------------------------------
1        75.235585            -124.76         3987.47        
2        82.128049            141.44          3652.83        
3        88.735522            -682.97         3380.83        
4        94.397521            1589.88         3178.05        
5        99.509884            3197.26         3014.78        
6        104.314337           33803.58        2875.92        
7        108.918742           26256.95        2754.35        
8        113.384683           -180848.95      2645.86        
9        117.769587           -39274.40       2547.35        
10       122.082412           -23133.90       2457.36        
11       126.350821           -15014.33       2374.34        
12       130.565045           -16944.83       2297.71        
13       134.728899           -98685.33       2226.69        
14       138.817506           184232.16       2161.11        
15       142.829572           60667.68        2100.41        
16       146.732986           1241987.73      2044.53        
17       150.506300           179989.24       1993.27        
18       154.108404           839749.88       1946.68        
19       157.490947           153888.25       1904.87        
20       160.598106           -2291.40        1868.02        
21       163.188590           181640.79       1838.36        
22       165.343960           -261591.68      1814.40        
23       167.568321           19628.76        1790.31        
24       169.792647           -2932.68        1766.86        
25       170.527591           90.62           1759.25        
26       183.197571           61.76           1637.58        
27       198.173376           100.49          1513.83        
28       212.428609           169.99          1412.24        
29       219.772541           60.72           1365.05        
30       226.314481           297.55          1325.59        
31       238.998125           3595.42         1255.24        
32       239.582664           -313.71         1252.18        
33       250.897688           233.54          1195.71        
34       253.941817           -6499.70        1181.37        
35       260.213519           125.36          1152.90        
36       265.659149           195.35          1129.27        
37       267.943229           7892.52         1119.64        
38       269.210339           1232.82         1114.37        
39       271.021530           333.54          1106.92        
40       273.627317           -3977.49        1096.38        
41       276.855790           429.52          1083.60        
42       277.037768           52.06           1082.88        
43       281.221922           2469.98         1066.77        
44       283.119768           -204.37         1059.62        
45       299.115713           -231.53         1002.96        
46       311.069642           537.42          964.41         
47       322.298026           708.72          930.82         

============================================================
HIGHEST Q MODE:
============================================================
  Mode index: 16
  Frequency: 146.732986 THz
  Q factor: 1241987.73
  Wavelength: 2044.53 nm
  Mode volume: 3.753557
  Purcell Factor:  1.2435767386315316e-16
