PHOTONIC CRYSTAL CAVITY MODE ANALYSIS
============================================================

Simulation Parameters:
  Width: 500 nm
  Length: 337 nm
  Number of defect holes: 10
  Number of mirrors: 8
  Resolution: 128

============================================================
DETECTED MODES:
============================================================
Mode     Frequency (THz)      Q Factor        Wavelength (nm)
------------------------------------------------------------
1        83.579363            160.35          3589.40        
2        94.345825            1752.02         3179.79        
3        103.342156           2230.10         2902.98        
4        111.607893           -5266.96        2687.98        
5        119.519089           208358.12       2510.06        
6        127.214732           -15975.85       2358.22        
7        134.750011           125005.52       2226.34        
8        142.093296           -7562.55        2111.29        
9        149.046575           -148500.96      2012.79        
10       155.503358           92513.32        1929.22        
11       161.089231           121049.46       1862.32        
12       165.235526           591217.37       1815.59        
13       169.012934           -9115.32        1775.01        
14       173.164401           -651.90         1732.46        
15       179.172130           140.37          1674.37        
16       203.614859           122.55          1473.37        
17       229.085004           420.51          1309.56        
18       245.397716           777.65          1222.51        
19       253.418921           -2259.79        1183.81        
20       260.912743           128.65          1149.81        
21       268.493078           214.06          1117.35        
22       269.400924           111.07          1113.58        
23       271.036076           99.59           1106.86        
24       274.667331           371.94          1092.23        
25       278.414033           567.54          1077.53        
26       281.326193           821.19          1066.38        
27       284.524064           389.50          1054.39        
28       303.957975           121.25          986.98         

============================================================
HIGHEST Q MODE:
============================================================
  Mode index: 12
  Frequency: 165.235526 THz
  Q factor: 591217.37
  Wavelength: 1815.59 nm
  Mode volume: 1.870653
