PHOTONIC CRYSTAL CAVITY MODE ANALYSIS
============================================================

Simulation Parameters:
  Width: 500 nm
  Length: 337 nm
  Number of defect holes: 13
  Number of mirrors: 15
  Resolution: 128

============================================================
DETECTED MODES:
============================================================
Mode     Frequency (THz)      Q Factor        Wavelength (nm)
------------------------------------------------------------
1        72.613915            -59.32          4131.44        
2        80.712960            10253.31        3716.88        
3        88.774856            -46711.65       3379.34        
4        95.290188            -4829.01        3148.28        
5        101.058348           -1785.37        2968.58        
6        106.451631           1532.81         2818.18        
7        111.611141           99207.31        2687.90        
8        116.686490           6699.84         2570.99        
9        121.623735           -5763.08        2466.62        
10       126.528561           24755.68        2371.01        
11       131.348244           -106018.87      2284.00        
12       136.091541           -15245.46       2204.40        
13       140.740884           23058.39        2131.58        
14       145.275926           15149.76        2065.04        
15       149.648098           16320.04        2004.70        
16       153.803638           43655.67        1950.54        
17       157.679905           -371321.82      1902.59        
18       161.134594           100004.55       1861.80        
19       163.957836           133791.36       1829.74        
20       166.384626           -57682.16       1803.05        
21       169.019297           -1935.93        1774.95        
22       172.058404           299.19          1743.59        
23       194.456919           234.52          1542.76        
24       210.773671           -3645.13        1423.33        
25       226.725423           444.57          1323.19        
26       240.783871           1953.71         1245.93        
27       242.616507           -4068.98        1236.52        
28       253.538641           175.55          1183.25        
29       258.265393           -4291.44        1161.60        
30       263.732088           123.14          1137.52        
31       267.023088           -425.34         1123.50        
32       268.522443           548.00          1117.23        
33       270.188396           476.13          1110.34        
34       272.726448           952.21          1100.00        
35       274.547071           -1275.63        1092.71        
36       277.211094           188.12          1082.21        
37       279.388126           94.13           1073.78        
38       281.863127           400.29          1064.35        
39       291.008127           64.75           1030.90        
40       307.882921           178.48          974.40         
41       321.993976           -805.73         931.69         

============================================================
HIGHEST Q MODE:
============================================================
  Mode index: 19
  Frequency: 163.957836 THz
  Q factor: 133791.36
  Wavelength: 1829.74 nm
  Mode volume: 1.350842
  Purcell Factor:  2.6681399824857977e-17
