PHOTONIC CRYSTAL CAVITY MODE ANALYSIS
============================================================

Simulation Parameters:
  Width: 500 nm
  Length: 337 nm
  Number of defect holes: 15
  Number of mirrors: 15
  Resolution: 128

============================================================
DETECTED MODES:
============================================================
Mode     Frequency (THz)      Q Factor        Wavelength (nm)
------------------------------------------------------------
1        68.619274            -50.24          4371.95        
2        78.071419            -91.83          3842.64        
3        85.291245            -910.13         3517.36        
4        91.810483            -7334.39        3267.60        
5        97.428910            1336.93         3079.17        
6        102.686246           -8079.11        2921.52        
7        107.618100           3733.03         2787.64        
8        112.417690           -21629.88       2668.62        
9        117.105989           -584509.71      2561.78        
10       121.713578           -13155.60       2464.80        
11       126.264389           -17692.87       2375.97        
12       130.755206           -217461.74      2294.36        
13       135.191036           66839.88        2219.08        
14       139.541220           76208.21        2149.90        
15       143.801138           146656.17       2086.21        
16       147.923181           37981.52        2028.08        
17       151.889550           -45386.00       1975.12        
18       155.632530           478550.47       1927.62        
19       159.093864           -99804.39       1885.68        
20       162.111457           -125130.99      1850.58        
21       164.539859           -481303.48      1823.27        
22       166.799031           16560.16        1798.57        
23       169.266786           -5319.47        1772.35        
24       172.631827           -92.38          1737.80        
25       196.359983           62.39           1527.81        
26       211.734816           158.33          1416.87        
27       226.530838           351.87          1324.32        
28       239.021710           3276.59         1255.12        
29       241.253575           2204.35         1243.50        
30       251.069067           236.80          1194.89        
31       255.630793           47242.77        1173.57        
32       260.560741           128.30          1151.36        
33       266.322499           209.84          1126.45        
34       268.401693           482.23          1117.73        
35       268.856282           116.14          1115.84        
36       270.507726           -1164.52        1109.03        
37       272.663423           690.75          1100.26        
38       274.902802           158.65          1091.29        
39       281.857320           -266.90         1064.37        
40       283.390335           877.72          1058.61        
41       316.158022           -891.53         948.89         
42       325.143480           -131.08         922.67         

============================================================
HIGHEST Q MODE:
============================================================
  Mode index: 18
  Frequency: 155.632530 THz
  Q factor: 478550.47
  Wavelength: 1927.62 nm
  Mode volume: 1.881774
  Purcell Factor:  8.010148920189087e-17
