PHOTONIC CRYSTAL CAVITY MODE ANALYSIS
============================================================

Simulation Parameters:
  Width: 500 nm
  Length: 337 nm
  Number of defect holes: 10
  Number of mirrors: 12
  Resolution: 64

============================================================
DETECTED MODES:
============================================================
Mode     Frequency (THz)      Q Factor        Wavelength (nm)
------------------------------------------------------------
1        74.037927            -75.94          4051.98        
2        84.514441            245.21          3549.69        
3        93.477697            9272.49         3209.32        
4        100.964251           3968.23         2971.35        
5        107.903114           112631.79       2780.27        
6        114.461546           50195.37        2620.97        
7        120.866180           -17012.37       2482.08        
8        127.132596           21561.17        2359.74        
9        133.297844           -133099.27      2250.60        
10       139.317908           -65961.21       2153.35        
11       145.139268           -47779.53       2066.98        
12       150.737910           -35230.15       1990.21        
13       155.914952           168226.00       1924.13        
14       160.534019           272740.02       1868.76        
15       164.207873           135644.30       1826.95        
16       167.332636           -874.65         1792.84        
17       170.695796           25641.98        1757.51        
18       173.615612           13011.62        1727.96        
19       207.453005           76.90           1446.11        
20       228.054186           231.63          1315.48        
21       244.847034           728.97          1225.25        
22       248.232053           847.49          1208.55        
23       259.779222           126.73          1154.83        
24       267.126190           393.04          1123.06        
25       268.313026           120.94          1118.10        
26       269.838943           315.22          1111.77        
27       271.984825           366.73          1103.00        
28       276.520171           175.49          1084.91        
29       280.380270           112.90          1069.98        
30       283.938780           83.04           1056.57        
31       311.449665           265.80          963.24         

============================================================
HIGHEST Q MODE:
============================================================
  Mode index: 14
  Frequency: 160.534019 THz
  Q factor: 272740.02
  Wavelength: 1868.76 nm
  Mode volume: 1.163660
