PHOTONIC CRYSTAL CAVITY MODE ANALYSIS
============================================================

Simulation Parameters:
  Width: 500 nm
  Length: 337 nm
  Number of defect holes: 7
  Number of mirrors: 14
  Resolution: 128

============================================================
DETECTED MODES:
============================================================
Mode     Frequency (THz)      Q Factor        Wavelength (nm)
------------------------------------------------------------
1        76.704879            -168.04         3911.09        
2        87.013483            1016.94         3447.74        
3        96.016770            589.15          3124.45        
4        103.681535           1468.43         2893.48        
5        110.817984           6696.23         2707.14        
6        117.643222           15882.67        2550.08        
7        124.302495           -17445.67       2413.47        
8        130.835947           32498.85        2292.95        
9        137.222904           -57255.47       2186.22        
10       143.431083           55682.15        2091.60        
11       149.389278           55793.08        2008.18        
12       152.512901           -114.69         1967.05        
13       154.955075           78869.45        1936.05        
14       159.948697           242191.78       1875.60        
15       164.026072           474678.05       1828.98        
16       167.478488           -133913.44      1791.27        
17       170.817548           -8877.21        1756.26        
18       173.311908           -1046.90        1730.98        
19       196.794442           75.87           1524.43        
20       217.420682           202.73          1379.81        
21       238.928016           534.59          1255.61        
22       250.047593           298.42          1199.77        
23       256.933101           104.65          1167.62        
24       259.757592           -2863.95        1154.92        
25       266.982748           180.13          1123.67        
26       267.923685           275.21          1119.72        
27       269.979085           352.26          1111.20        
28       273.443570           263.48          1097.12        
29       277.038147           284.03          1082.88        
30       279.927034           -255.81         1071.71        
31       282.478854           699.96          1062.03        
32       285.576767           268.82          1050.51        
33       320.132497           -85.34          937.11         

============================================================
HIGHEST Q MODE:
============================================================
  Mode index: 15
  Frequency: 164.026072 THz
  Q factor: 474678.05
  Wavelength: 1828.98 nm
  Mode volume: 2.234713
  Purcell Factor:  5.715053383507651e-17
