PHOTONIC CRYSTAL CAVITY MODE ANALYSIS
============================================================

Simulation Parameters:
  Width: 500 nm
  Length: 337 nm
  Number of defect holes: 12
  Number of mirrors: 13
  Resolution: 128

============================================================
DETECTED MODES:
============================================================
Mode     Frequency (THz)      Q Factor        Wavelength (nm)
------------------------------------------------------------
1        86.848453            2008.12         3454.29        
2        94.361921            1064.22         3179.25        
3        100.845077           3674.77         2974.86        
4        106.908404           389854.39       2806.14        
5        112.697139           43176.25        2662.00        
6        118.319481           147464.67       2535.51        
7        123.857926           -13993.21       2422.13        
8        129.298754           93456.45        2320.21        
9        134.662865           70545.22        2227.79        
10       139.903531           -145270.67      2144.33        
11       145.009613           2108561.16      2068.83        
12       149.903589           181478.83       2001.29        
13       154.535493           4806707.18      1941.30        
14       158.764745           4939279.25      1889.59        
15       162.389344           -1938841.40     1847.41        
16       165.230996           233586.43       1815.64        
17       168.013962           53023.91        1785.57        
18       170.986988           22317.97        1754.52        
19       199.898640           105.42          1500.76        
20       218.324796           192.43          1374.10        
21       236.212072           706.51          1270.05        
22       241.916152           1117.07         1240.10        
23       253.049334           528.01          1185.54        
24       256.086275           181.87          1171.48        
25       264.633688           139.76          1133.64        
26       267.464616           -1096.76        1121.64        
27       268.899095           1035.48         1115.66        
28       270.999184           1490.28         1107.01        
29       273.070856           -9141.70        1098.62        
30       276.363562           1195.54         1085.53        
31       282.306419           351.42          1062.68        
32       291.909544           96.51           1027.72        
33       308.671361           123.58          971.91         
34       324.891481           -845.29         923.39         

============================================================
HIGHEST Q MODE:
============================================================
  Mode index: 14
  Frequency: 158.764745 THz
  Q factor: 4939279.25
  Wavelength: 1889.59 nm
  Mode volume: 1.835165
  Purcell Factor:  7.985602579799694e-16
