PHOTONIC CRYSTAL CAVITY MODE ANALYSIS
============================================================

Simulation Parameters:
  Width: 500 nm
  Length: 337 nm
  Number of defect holes: 13
  Number of mirrors: 7
  Resolution: 128

============================================================
DETECTED MODES:
============================================================
Mode     Frequency (THz)      Q Factor        Wavelength (nm)
------------------------------------------------------------
1        78.389930            68.11           3827.02        
2        88.676559            -7866.69        3383.08        
3        97.312394            1777.11         3082.85        
4        104.965993           -7838.80        2858.07        
5        112.191313           -6106.94        2674.00        
6        119.211655           -6472.38        2516.53        
7        126.076979           93891.45        2379.50        
8        132.811639           26166.34        2258.84        
9        139.403124           261226.52       2152.03        
10       145.793617           5889.12         2057.70        
11       151.758271           52190.75        1976.83        
12       157.252862           4201817.65      1907.76        
13       160.615977           58.28           1867.81        
14       161.869130           791268.26       1853.35        
15       165.218845           -241538.42      1815.77        
16       168.600114           -23092.00       1779.36        
17       173.168687           -889.14         1732.41        
18       183.174093           85.75           1637.79        
19       205.731267           181.44          1458.21        
20       228.373359           480.03          1313.64        
21       240.840822           1980.57         1245.64        
22       249.912454           5058.24         1200.42        
23       254.437673           175.26          1179.07        
24       263.106464           130.91          1140.22        
25       267.547493           599.20          1121.30        
26       269.360635           369.64          1113.75        
27       272.648626           -2528.22        1100.32        
28       275.592272           115.17          1088.56        
29       278.677028           185.39          1076.51        
30       283.160104           -2442.36        1059.47        
31       298.991551           118.09          1003.37        
32       318.718448           -1147.88        941.27         

============================================================
HIGHEST Q MODE:
============================================================
  Mode index: 12
  Frequency: 157.252862 THz
  Q factor: 4201817.65
  Wavelength: 1907.76 nm
  Mode volume: 2.274636
  Purcell Factor:  5.640415130457617e-16
