PHOTONIC CRYSTAL CAVITY MODE ANALYSIS
============================================================

Simulation Parameters:
  Width: 500 nm
  Length: 337 nm
  Number of defect holes: 12
  Number of mirrors: 10
  Resolution: 128

============================================================
DETECTED MODES:
============================================================
Mode     Frequency (THz)      Q Factor        Wavelength (nm)
------------------------------------------------------------
1        73.878877            -77.53          4060.70        
2        84.065312            699.41          3568.65        
3        92.982523            3395.57         3226.41        
4        100.432831           1693.55         2987.07        
5        107.293151           13746.77        2796.08        
6        113.844370           -56985.99       2635.18        
7        120.195752           -255573.45      2495.93        
8        126.444398           101955.55       2372.58        
9        132.586290           -113899.92      2262.68        
10       138.588069           -92285.23       2164.69        
11       144.422916           -161280.71      2077.23        
12       149.992528           -115437.84      2000.10        
13       155.206584           83318.52        1932.91        
14       159.855159           187244.31       1876.70        
15       163.571997           848184.69       1834.05        
16       166.558864           81756.15        1801.17        
17       169.889509           6664.04         1765.85        
18       173.416054           -83.17          1729.94        
19       186.054608           90.53           1612.43        
20       207.529338           216.09          1445.58        
21       227.899733           387.19          1316.37        
22       241.858519           1421.88         1240.39        
23       247.884281           -2325.19        1210.24        
24       255.651840           160.81          1173.47        
25       263.692481           140.61          1137.69        
26       267.580488           925.78          1121.16        
27       269.397920           101.72          1113.59        
28       270.542856           222.72          1108.88        
29       274.370685           183.85          1093.41        
30       278.708079           127.61          1076.40        
31       281.551153           66.16           1065.53        
32       287.791313           103.04          1042.42        
33       310.382644           200.97          966.55         
34       327.581801           918.78          915.80         

============================================================
HIGHEST Q MODE:
============================================================
  Mode index: 15
  Frequency: 163.571997 THz
  Q factor: 848184.69
  Wavelength: 1834.05 nm
  Mode volume: 3.036635
  Purcell Factor:  7.577963472932356e-17
