PHOTONIC CRYSTAL CAVITY MODE ANALYSIS
============================================================

Simulation Parameters:
  Width: 500 nm
  Length: 337 nm
  Number of defect holes: 14
  Number of mirrors: 6
  Resolution: 128

============================================================
DETECTED MODES:
============================================================
Mode     Frequency (THz)      Q Factor        Wavelength (nm)
------------------------------------------------------------
1        88.525638            1330.52         3388.85        
2        97.081799            868.75          3090.18        
3        104.778967           21268.14        2863.17        
4        111.992133           8788.76         2678.76        
5        118.964910           8157.37         2521.75        
6        125.822064           42724.95        2384.32        
7        132.565973           -13613.91       2263.02        
8        139.138269           61658.73        2156.13        
9        145.485454           -131771.36      2062.06        
10       151.500290           -104230.35      1980.19        
11       156.998267           -166952.52      1910.85        
12       161.636235           643475.74       1856.02        
13       164.978999           105505.97       1818.41        
14       168.307035           15024.22        1782.46        
15       172.186374           495.90          1742.30        
16       206.067648           129.28          1455.83        
17       228.346910           511.16          1313.79        
18       239.887826           2602.06         1250.58        
19       249.643688           1163.78         1201.71        
20       253.087563           240.37          1185.36        
21       261.579204           142.90          1146.88        
22       266.927371           330.83          1123.90        
23       268.614943           394.74          1116.84        
24       272.135438           -10465.79       1102.39        
25       275.123300           130.14          1090.42        
26       278.351024           79.87           1077.78        
27       282.220082           373.22          1063.00        
28       318.383580           -1142.09        942.26         

============================================================
HIGHEST Q MODE:
============================================================
  Mode index: 12
  Frequency: 161.636235 THz
  Q factor: 643475.74
  Wavelength: 1856.02 nm
  Mode volume: 2.321915
  Purcell Factor:  7.792039333941069e-17
