PHOTONIC CRYSTAL CAVITY MODE ANALYSIS
============================================================

Simulation Parameters:
  Width: 500 nm
  Length: 337 nm
  Number of defect holes: 11
  Number of mirrors: 14
  Resolution: 128

============================================================
DETECTED MODES:
============================================================
Mode     Frequency (THz)      Q Factor        Wavelength (nm)
------------------------------------------------------------
1        78.820429            70.43           3806.12        
2        86.988526            -1474.92        3448.73        
3        94.471830            2302.97         3175.55        
4        100.998439           -7386.72        2970.34        
5        107.064540           24076.48        2802.05        
6        112.864523           -11669.71       2658.05        
7        118.517977           -5388.80        2531.26        
8        124.053624           75790.52        2418.31        
9        129.507294           -23671.71       2316.47        
10       134.860363           37488.52        2224.52        
11       140.118930           49628.61        2141.04        
12       145.215516           36061.09        2065.89        
13       150.119530           -1553538.05     1998.41        
14       154.741114           107954.79       1938.72        
15       158.971501           -233425.14      1887.13        
16       162.575489           425884.23       1845.30        
17       165.448021           4182590.23      1813.26        
18       168.266618           -30671.56       1782.88        
19       171.195749           -2676.76        1752.38        
20       173.170251           -132.17         1732.40        
21       180.497435           55.54           1662.07        
22       200.640236           115.30          1495.21        
23       218.328200           183.51          1374.08        
24       236.243048           616.68          1269.88        
25       243.143841           873.65          1233.84        
26       253.396328           1674.22         1183.92        
27       257.717238           126.58          1164.07        
28       266.025970           143.22          1127.71        
29       267.605886           1142.59         1121.05        
30       269.330070           597.16          1113.87        
31       271.364555           -1382.74        1105.52        
32       273.291688           450.09          1097.73        
33       276.808595           142.97          1083.78        
34       279.992639           122.55          1071.46        
35       282.384406           73.73           1062.38        
36       286.792594           103.67          1046.05        
37       310.124209           -2451.39        967.35         
38       325.153231           -1280.39        922.64         

============================================================
HIGHEST Q MODE:
============================================================
  Mode index: 17
  Frequency: 165.448021 THz
  Q factor: 4182590.23
  Wavelength: 1813.26 nm
  Mode volume: 1.274998
  Purcell Factor:  8.600677217994323e-16
