PHOTONIC CRYSTAL CAVITY MODE ANALYSIS
============================================================

Simulation Parameters:
  Width: 500 nm
  Length: 337 nm
  Number of defect holes: 12
  Number of mirrors: 14
  Resolution: 128

============================================================
DETECTED MODES:
============================================================
Mode     Frequency (THz)      Q Factor        Wavelength (nm)
------------------------------------------------------------
1        76.591928            -587.52         3916.86        
2        85.022241            1777.76         3528.49        
3        92.497298            -1703.53        3243.34        
4        98.950712            1874.17         3031.81        
5        104.897238           -41294.85       2859.94        
6        110.541003           5443.77         2713.93        
7        115.989189           40082.32        2586.45        
8        121.352443           -23585.83       2472.14        
9        126.632882           137431.51       2369.05        
10       131.826661           33218.91        2275.72        
11       136.934382           -63879.73       2190.83        
12       141.923972           33628.02        2113.81        
13       146.765916           223189.00       2044.07        
14       151.399097           -446008.17      1981.52        
15       155.756523           -127749.47      1926.08        
16       159.710383           9097190.59      1878.40        
17       163.035213           -166325.42      1840.09        
18       165.710166           -37908.61       1810.39        
19       168.460444           -11439.94       1780.83        
20       171.461061           -2886.46        1749.67        
21       174.104641           -66.64          1723.10        
22       191.906850           56.09           1563.26        
23       210.044606           121.98          1428.27        
24       227.106500           290.77          1320.97        
25       241.815155           1405.24         1240.62        
26       244.088344           1702.53         1229.06        
27       255.136996           159.13          1175.84        
28       260.847439           -6450.39        1150.10        
29       265.595463           158.68          1129.54        
30       267.309915           298.04          1122.29        
31       269.163995           369.79          1114.56        
32       271.583709           284.92          1104.63        
33       274.563227           312.95          1092.64        
34       277.712870           -7285.43        1080.25        
35       279.221204           138.99          1074.42        
36       281.169610           208.02          1066.97        
37       283.453570           173.91          1058.37        
38       314.246162           528.15          954.67         
39       327.895879           926.16          914.92         

============================================================
HIGHEST Q MODE:
============================================================
  Mode index: 16
  Frequency: 159.710383 THz
  Q factor: 9097190.59
  Wavelength: 1878.40 nm
  Mode volume: 2.728777
  Purcell Factor:  9.716755574208268e-16
