PHOTONIC CRYSTAL CAVITY MODE ANALYSIS
============================================================

Simulation Parameters:
  Width: 500 nm
  Length: 337 nm
  Number of defect holes: 6
  Number of mirrors: 13
  Resolution: 128

============================================================
DETECTED MODES:
============================================================
Mode     Frequency (THz)      Q Factor        Wavelength (nm)
------------------------------------------------------------
1        81.240178            112.07          3692.75        
2        82.983295            -59.69          3615.19        
3        92.171795            993.01          3254.79        
4        101.118099           575.54          2966.83        
5        109.174636           2539.06         2747.89        
6        116.808861           16762.01        2568.30        
7        124.210713           -196524.50      2415.25        
8        131.442226           74109.83        2282.37        
9        138.502104           21339.92        2166.03        
10       145.326149           1772892.61      2064.32        
11       151.779800           53876.79        1976.55        
12       157.685424           144136.78       1902.52        
13       162.641903           266009.68       1844.54        
14       166.641227           -53692.05       1800.27        
15       170.351122           -46891.07       1761.07        
16       173.169491           -6866.91        1732.41        
17       195.867445           365.05          1531.65        
18       217.053990           338.29          1382.14        
19       240.641407           683.07          1246.67        
20       252.720806           213.21          1187.08        
21       263.627039           -3009.67        1137.97        
22       267.549155           624.25          1121.29        
23       268.774012           245.06          1116.18        
24       271.478424           253.81          1105.06        
25       275.619565           235.73          1088.46        
26       279.904368           249.42          1071.79        
27       283.094827           2171.24         1059.72        
28       288.211068           306.33          1040.90        
29       311.556678           -534.10         962.91         

============================================================
HIGHEST Q MODE:
============================================================
  Mode index: 10
  Frequency: 145.326149 THz
  Q factor: 1772892.61
  Wavelength: 2064.32 nm
  Mode volume: 1.772307
  Purcell Factor:  3.869846754820423e-16
