PHOTONIC CRYSTAL CAVITY MODE ANALYSIS
============================================================

Simulation Parameters:
  Width: 500 nm
  Length: 337 nm
  Number of defect holes: 14
  Number of mirrors: 13
  Resolution: 128

============================================================
DETECTED MODES:
============================================================
Mode     Frequency (THz)      Q Factor        Wavelength (nm)
------------------------------------------------------------
1        74.699638            -90.74          4016.08        
2        82.913957            652.20          3618.21        
3        90.474704            -1424.59        3315.84        
4        96.842894            1326.34         3097.80        
5        102.684720           8815.77         2921.56        
6        108.181713           5237.63         2773.11        
7        113.492597           -4176.92        2643.34        
8        118.671700           -14531.11       2527.98        
9        123.772135           -8252.90        2423.81        
10       128.805361           -162776.90      2329.10        
11       133.763081           -162874.46      2242.77        
12       138.626053           34522.20        2164.10        
13       143.383223           69771.95        2092.29        
14       147.976906           -73763.27       2027.34        
15       152.366140           -70238.21       1968.94        
16       156.479135           114696.56       1917.19        
17       160.184493           203607.73       1872.84        
18       163.267303           -545926.82      1837.48        
19       165.740368           -94991.24       1810.06        
20       168.389180           -2627.96        1781.59        
21       171.537258           -244.18         1748.89        
22       183.367435           -101.29         1636.06        
23       201.902027           109.57          1485.87        
24       218.696300           303.64          1371.77        
25       235.175020           53.06           1275.65        
26       235.196326           580.94          1275.53        
27       239.903876           1969.42         1250.50        
28       250.681249           563.99          1196.74        
29       253.124150           299.22          1185.19        
30       261.359603           122.51          1147.84        
31       266.513264           484.59          1125.65        
32       268.790932           -3985.81        1116.11        
33       270.863932           333.70          1107.57        
34       273.821357           206.74          1095.60        
35       277.238240           155.00          1082.10        
36       279.434491           61.51           1073.60        
37       283.548649           737.56          1058.02        
38       302.365557           124.97          992.18         
39       318.173414           -1069.95        942.88         

============================================================
HIGHEST Q MODE:
============================================================
  Mode index: 17
  Frequency: 160.184493 THz
  Q factor: 203607.73
  Wavelength: 1872.84 nm
  Mode volume: 3.642135
  Purcell Factor:  1.6149472624747386e-17
