PHOTONIC CRYSTAL CAVITY MODE ANALYSIS
============================================================

Simulation Parameters:
  Width: 500 nm
  Length: 337 nm
  Number of defect holes: 7
  Number of mirrors: 12
  Resolution: 128

============================================================
DETECTED MODES:
============================================================
Mode     Frequency (THz)      Q Factor        Wavelength (nm)
------------------------------------------------------------
1        81.216327            90.67           3693.84        
2        92.039866            1801.69         3259.46        
3        100.907061           1019.26         2973.03        
4        108.961315           6601.62         2753.27        
5        116.558556           -14652.32       2573.81        
6        123.939599           -29017.68       2420.53        
7        131.171505           -27418.53       2287.08        
8        138.223993           -28875.84       2170.39        
9        145.042322           369910.06       2068.36        
10       151.506945           384928.78       1980.11        
11       157.410820           259405.74       1905.84        
12       162.400380           -265838.23      1847.29        
13       166.291331           195686.31       1804.06        
14       170.045874           1374106.09      1764.23        
15       173.045452           22776.92        1733.65        
16       192.744063           97.02           1556.47        
17       217.067384           183.61          1382.06        
18       240.604040           865.39          1246.86        
19       250.140112           272.11          1199.33        
20       263.039694           414.59          1140.51        
21       266.820625           193.39          1124.35        
22       267.817085           901.36          1120.17        
23       270.868159           345.65          1107.55        
24       275.120121           247.74          1090.43        
25       279.530569           243.37          1073.23        
26       287.467674           122.94          1043.60        

============================================================
HIGHEST Q MODE:
============================================================
  Mode index: 14
  Frequency: 170.045874 THz
  Q factor: 1374106.09
  Wavelength: 1764.23 nm
  Mode volume: 0.941211
  Purcell Factor:  3.5254651448061464e-16
