PHOTONIC CRYSTAL CAVITY MODE ANALYSIS
============================================================

Simulation Parameters:
  Width: 500 nm
  Length: 337 nm
  Number of defect holes: 13
  Number of mirrors: 5
  Resolution: 128

============================================================
DETECTED MODES:
============================================================
Mode     Frequency (THz)      Q Factor        Wavelength (nm)
------------------------------------------------------------
1        82.843387            234.71          3621.29        
2        93.536101            11968.43        3207.32        
3        102.325091           -22838.08       2931.83        
4        110.439592           11636.04        2716.42        
5        118.267426           -46112.11       2536.62        
6        125.899012           -18646.94       2382.86        
7        133.382308           54341.80        2249.17        
8        140.669295           57858.22        2132.66        
9        147.645423           -123995.08      2031.90        
10       154.120354           128398.97       1946.53        
11       159.793792           -18316.38       1877.42        
12       164.000146           145594.85       1829.27        
13       167.449161           -29130.94       1791.59        
14       171.764835           -638.00         1746.57        
15       179.114915           55.06           1674.90        
16       203.658395           121.45          1473.05        
17       228.960165           645.63          1310.27        
18       240.852729           1972.40         1245.57        
19       251.878585           265.61          1191.05        
20       255.010800           470.98          1176.42        
21       263.487029           138.65          1138.58        
22       267.671858           571.97          1120.78        
23       270.545758           233.32          1108.87        
24       275.948934           327.02          1087.16        
25       279.062874           183.04          1075.03        
26       280.766396           109.37          1068.50        
27       305.648438           117.39          981.52         
28       326.347369           467.94          919.27         

============================================================
HIGHEST Q MODE:
============================================================
  Mode index: 12
  Frequency: 164.000146 THz
  Q factor: 145594.85
  Wavelength: 1829.27 nm
  Mode volume: 3.406426
  Purcell Factor:  1.1505246403953917e-17
