PHOTONIC CRYSTAL CAVITY MODE ANALYSIS
============================================================

Simulation Parameters:
  Width: 500 nm
  Length: 337 nm
  Number of defect holes: 16
  Number of mirrors: 18
  Resolution: 128

============================================================
DETECTED MODES:
============================================================
Mode     Frequency (THz)      Q Factor        Wavelength (nm)
------------------------------------------------------------
1        71.797943            -57.31          4178.39        
2        79.426170            101.49          3777.09        
3        85.669263            -4161.06        3501.84        
4        91.457686            -2766.80        3280.21        
5        96.493185            20609.58        3109.03        
6        101.180128           18081.39        2965.01        
7        105.630943           20604.26        2840.08        
8        109.915717           13468.93        2729.36        
9        114.101790           3929130.90      2629.23        
10       118.216411           -21446.52       2537.72        
11       122.275113           21186.54        2453.48        
12       126.281078           -201045.78      2375.65        
13       130.247739           208054.06       2303.30        
14       134.164588           -66612.83       2236.06        
15       138.025204           -120663.50      2173.52        
16       141.810604           -108956.98      2115.50        
17       145.515598           -167291.37      2061.63        
18       149.107136           -568499.09      2011.98        
19       152.566546           -844045.90      1966.36        
20       155.849837           8258088.95      1924.93        
21       158.909965           8481597.91      1887.86        
22       161.649428           -1431004.04     1855.87        
23       163.930452           128801.19       1830.04        
24       165.921885           -119701.45      1808.08        
25       168.066970           17555.38        1785.00        
26       170.269908           -614.24         1761.91        
27       185.909038           354.51          1613.69        
28       200.116985           -351.13         1499.12        
29       212.791011           198.19          1409.83        
30       226.082991           324.25          1326.95        
31       238.200489           4658.40         1259.44        
32       249.762473           276.12          1201.14        
33       252.115609           -2153.03        1189.93        
34       258.659108           129.55          1159.83        
35       263.943668           480.51          1136.61        
36       266.326166           625.63          1126.44        
37       268.537817           1502.89         1117.16        
38       270.146818           380.03          1110.51        
39       272.343989           297.12          1101.55        
40       274.549051           291.68          1092.70        
41       277.584578           -23010.39       1080.75        
42       278.727346           103.90          1076.32        
43       279.117563           257.72          1074.82        
44       282.167368           828.39          1063.20        
45       289.353156           -166.11         1036.80        
46       305.800015           184.40          981.03         
47       317.553895           -1337.67        944.72         

============================================================
HIGHEST Q MODE:
============================================================
  Mode index: 21
  Frequency: 158.909965 THz
  Q factor: 8481597.91
  Wavelength: 1887.86 nm
  Mode volume: 2.763411
  Purcell Factor:  9.081558435573262e-16
