PHOTONIC CRYSTAL CAVITY MODE ANALYSIS
============================================================

Simulation Parameters:
  Width: 500 nm
  Length: 337 nm
  Number of defect holes: 9
  Number of mirrors: 12
  Resolution: 128

============================================================
DETECTED MODES:
============================================================
Mode     Frequency (THz)      Q Factor        Wavelength (nm)
------------------------------------------------------------
1        76.606098            -454.25         3916.14        
2        86.784761            3054.91         3456.83        
3        95.679951            901.82          3135.45        
4        103.285544           9474.20         2904.57        
5        110.391266           19081.98        2717.61        
6        117.196920           -10413.67       2559.79        
7        123.829169           -26318.00       2422.69        
8        130.347742           -23864.46       2301.54        
9        136.722629           92622.38        2194.22        
10       142.929732           329914.96       2098.93        
11       148.875979           161843.67       2015.10        
12       154.462014           -243797.24      1942.23        
13       159.471384           1236432.10      1881.22        
14       163.547860           -20095.51       1834.33        
15       166.849120           -181356.20      1798.03        
16       170.319216           -8515.92        1761.40        
17       173.202154           -955.16         1732.08        
18       196.644093           103.45          1525.60        
19       217.422399           188.99          1379.80        
20       238.842445           876.96          1256.06        
21       246.100572           474.24          1219.01        
22       256.874778           12128.99        1167.88        
23       258.758748           276.68          1159.38        
24       262.301439           212.40          1143.72        
25       267.415129           885.31          1121.85        
26       269.396344           371.15          1113.60        
27       272.193737           218.21          1102.16        
28       275.590219           195.59          1088.57        
29       279.594653           -1650.74        1072.98        
30       281.245218           211.24          1066.68        
31       283.828849           332.59          1056.98        
32       300.220010           801.85          999.27         
33       324.914214           2137.38         923.32         

============================================================
HIGHEST Q MODE:
============================================================
  Mode index: 13
  Frequency: 159.471384 THz
  Q factor: 1236432.10
  Wavelength: 1881.22 nm
  Mode volume: 2.671931
  Purcell Factor:  1.3548096338847474e-16
