PHOTONIC CRYSTAL CAVITY MODE ANALYSIS
============================================================

Simulation Parameters:
  Width: 500 nm
  Length: 337 nm
  Number of defect holes: 15
  Number of mirrors: 16
  Resolution: 128

============================================================
DETECTED MODES:
============================================================
Mode     Frequency (THz)      Q Factor        Wavelength (nm)
------------------------------------------------------------
1        76.715078            -324.01         3910.57        
2        83.677174            453.52          3585.21        
3        90.259550            -26576.27       3323.75        
4        95.860488            1274.86         3129.55        
5        101.050921           50005.25        2968.80        
6        105.922760           15124.62        2832.25        
7        110.623013           5774.20         2711.91        
8        115.222937           1631.97         2603.65        
9        119.690834           -11625.92       2506.46        
10       124.116971           -9915.17        2417.07        
11       128.495171           -12031.44       2334.72        
12       132.814070           -21318.41       2258.80        
13       137.073588           -90710.86       2188.61        
14       141.245557           1434037.93      2123.96        
15       145.324792           154689.78       2064.34        
16       149.263066           62234.99        2009.87        
17       153.045108           294416.30       1960.21        
18       156.599751           102240.19       1915.71        
19       159.866403           590117.94       1876.57        
20       162.615297           -1772.14        1844.84        
21       164.950755           1012607.20      1818.72        
22       167.199048           -78400.83       1794.27        
23       169.585543           3309.81         1769.02        
24       175.857602           98.89           1705.93        
25       190.564276           75.75           1574.27        
26       204.681273           138.61          1465.69        
27       219.247216           259.52          1368.32        
28       233.588873           508.22          1284.31        
29       239.057376           2670.23         1254.93        
30       246.215621           -150.26         1218.44        
31       247.513160           3894.22         1212.06        
32       251.479473           239.40          1192.94        
33       259.062345           130.11          1158.02        
34       262.481560           -1465.32        1142.94        
35       266.693438           146.50          1124.89        
36       267.324587           -407.12         1122.23        
37       268.969992           1260.87         1115.37        
38       271.169262           326.50          1106.32        
39       273.420518           1091.05         1097.21        
40       275.888256           -643.39         1087.40        
41       277.740532           97.91           1080.14        
42       278.735983           146.55          1076.29        
43       281.788979           350.44          1064.63        
44       307.099748           176.72          976.88         
45       319.383651           -1460.81        939.31         

============================================================
HIGHEST Q MODE:
============================================================
  Mode index: 14
  Frequency: 141.245557 THz
  Q factor: 1434037.93
  Wavelength: 2123.96 nm
  Mode volume: 1.557847
  Purcell Factor:  3.8787610158837105e-16
