PHOTONIC CRYSTAL CAVITY MODE ANALYSIS
============================================================

Simulation Parameters:
  Width: 500 nm
  Length: 337 nm
  Number of defect holes: 14
  Number of mirrors: 9
  Resolution: 128

============================================================
DETECTED MODES:
============================================================
Mode     Frequency (THz)      Q Factor        Wavelength (nm)
------------------------------------------------------------
1        71.295721            -56.57          4207.83        
2        81.681042            694.32          3672.82        
3        90.616448            -893.01         3310.66        
4        97.948683            2387.49         3062.83        
5        104.654167           -3054.83        2866.58        
6        110.963252           6857.42         2703.60        
7        117.092177           11698.14        2562.08        
8        123.103931           85150.21        2436.97        
9        129.007345           -31734.97       2325.45        
10       134.814780           -25236.28       2225.28        
11       140.492502           -43097.53       2135.35        
12       145.977698           24936.67        2055.11        
13       151.215209           4741611.20      1983.93        
14       156.081166           63495.60        1922.08        
15       160.388852           98793.00        1870.45        
16       163.813629           2526.98         1831.35        
17       166.563786           -151787.18      1801.11        
18       169.742607           -1597.15        1767.38        
19       198.598103           210.62          1510.59        
20       217.916753           195.13          1376.67        
21       237.255234           2120.49         1264.46        
22       239.928468           1652.06         1250.37        
23       251.973794           213.88          1190.60        
24       256.380355           -938.33         1170.14        
25       262.133842           147.21          1144.45        
26       267.251055           401.21          1122.54        
27       268.187493           194.38          1118.62        
28       271.133161           195.69          1106.47        
29       275.019246           5444.29         1090.83        
30       276.893861           296.81          1083.45        
31       278.423850           -317.88         1077.49        
32       282.102777           -1785.83        1063.44        
33       286.899244           -63.12          1045.66        
34       315.993727           -2579.78        949.39         
35       328.074709           -56.03          914.43         

============================================================
HIGHEST Q MODE:
============================================================
  Mode index: 13
  Frequency: 151.215209 THz
  Q factor: 4741611.20
  Wavelength: 1983.93 nm
  Mode volume: 3.692074
  Purcell Factor:  4.4101229256142413e-16
