PHOTONIC CRYSTAL CAVITY MODE ANALYSIS
============================================================

Simulation Parameters:
  Width: 500 nm
  Length: 337 nm
  Number of defect holes: 13
  Number of mirrors: 14
  Resolution: 128

============================================================
DETECTED MODES:
============================================================
Mode     Frequency (THz)      Q Factor        Wavelength (nm)
------------------------------------------------------------
1        74.724060            -88.99          4014.77        
2        83.043985            206.32          3612.54        
3        90.604668            -1007.74        3311.09        
4        96.989104            1003.50         3093.13        
5        102.831910           2564.22         2917.38        
6        108.339505           -12104.17       2769.07        
7        113.652852           -146083.99      2639.62        
8        118.849468           22564.13        2524.20        
9        123.952578           -70837.90       2420.28        
10       128.992381           205602.14       2325.72        
11       133.950025           -26077.60       2239.64        
12       138.826429           129145.62       2160.97        
13       143.572947           92692.29        2089.53        
14       148.176318           69445.97        2024.62        
15       152.559421           72674.57        1966.45        
16       156.672023           -985119.23      1914.83        
17       160.368630           268681.33       1870.69        
18       163.438378           202817.93       1835.55        
19       165.952269           -55508.48       1807.75        
20       168.015265           -105.17         1785.55        
21       171.323932           -1287.67        1751.07        
22       184.611799           57.72           1625.03        
23       202.103353           138.59          1484.39        
24       218.667646           256.96          1371.95        
25       235.196183           584.53          1275.53        
26       240.862112           1539.86         1245.53        
27       250.987370           1318.78         1195.28        
28       254.336943           182.77          1179.54        
29       262.652925           125.52          1142.19        
30       267.184014           924.09          1122.82        
31       269.116789           2504.07         1114.76        
32       271.186863           342.72          1106.25        
33       274.321560           304.50          1093.61        
34       276.635634           223.75          1084.46        
35       283.124164           197.16          1059.61        
36       294.636977           -287.40         1018.20        
37       300.526733           -77.25          998.25         
38       318.368342           -1234.05        942.30         

============================================================
HIGHEST Q MODE:
============================================================
  Mode index: 17
  Frequency: 160.368630 THz
  Q factor: 268681.33
  Wavelength: 1870.69 nm
  Mode volume: 1.990918
  Purcell Factor:  3.885145960106886e-17
