PHOTONIC CRYSTAL CAVITY MODE ANALYSIS
============================================================

Simulation Parameters:
  Width: 500 nm
  Length: 337 nm
  Number of defect holes: 10
  Number of mirrors: 8
  Resolution: 64

============================================================
DETECTED MODES:
============================================================
Mode     Frequency (THz)      Q Factor        Wavelength (nm)
------------------------------------------------------------
1        83.305658            143.97          3601.20        
2        94.224081            5745.22         3183.90        
3        103.142286           31632.26        2908.60        
4        111.399381           27254.66        2693.01        
5        119.260925           -52567.07       2515.49        
6        126.955088           99971.74        2363.04        
7        134.491807           -149456.61      2230.62        
8        141.774297           -146579.82      2116.04        
9        148.772329           69949.67        2016.50        
10       155.210122           249830.10       1932.86        
11       160.800796           -159025.57      1865.66        
12       164.953068           -234198.66      1818.70        
13       168.731217           407065.25       1777.98        
14       172.643250           -10521.81       1737.69        
15       181.759381           -260.64         1650.53        
16       203.702461           161.47          1472.74        
17       229.087383           284.65          1309.54        
18       244.925748           767.91          1224.86        
19       253.527938           -9147.80        1183.30        
20       260.557554           113.81          1151.38        
21       268.149921           373.33          1118.78        
22       269.637292           270.54          1112.61        
23       273.732421           260.58          1095.96        
24       278.291217           -471.95         1078.01        
25       281.378260           89.89           1066.18        
26       283.832103           223.22          1056.96        
27       305.949655           -82.37          980.55         

============================================================
HIGHEST Q MODE:
============================================================
  Mode index: 13
  Frequency: 168.731217 THz
  Q factor: 407065.25
  Wavelength: 1777.98 nm
  Mode volume: 2.961186
