PHOTONIC CRYSTAL CAVITY MODE ANALYSIS
============================================================

Simulation Parameters:
  Width: 500 nm
  Length: 337 nm
  Number of defect holes: 14
  Number of mirrors: 18
  Resolution: 128

============================================================
DETECTED MODES:
============================================================
Mode     Frequency (THz)      Q Factor        Wavelength (nm)
------------------------------------------------------------
1        75.303892            -119.93         3983.86        
2        82.258436            63.21           3647.04        
3        88.782536            -742.86         3379.04        
4        94.504343            3350.84         3174.46        
5        99.647989            2425.83         3010.60        
6        104.452865           -8255.24        2872.11        
7        109.050357           -7441.17        2751.02        
8        113.525435           -10888.97       2642.58        
9        117.907674           -22364.03       2544.36        
10       122.234135           -1070528.64     2454.31        
11       126.499875           56114.31        2371.54        
12       130.722403           50914.42        2294.94        
13       134.885708           3826186.74      2224.11        
14       138.982792           284465.09       2158.54        
15       142.995661           73544.53        2097.97        
16       146.898372           89837.01        2042.23        
17       150.674445           -309526.15      1991.05        
18       154.271091           -436307.71      1944.63        
19       157.655667           693605.63       1902.88        
20       160.722560           -8453508.77     1866.57        
21       163.337998           1042774.74      1836.68        
22       165.514746           -228481.36      1812.53        
23       167.759575           201459.86       1788.27        
24       170.022061           5395.26         1764.48        
25       173.293331           -121.84         1731.17        
26       181.862839           1126.63         1649.59        
27       212.540721           100.41          1411.49        
28       226.302183           284.51          1325.66        
29       239.704547           2091.92         1251.54        
30       240.380123           2114.61         1248.02        
31       251.864239           216.18          1191.12        
32       254.310107           12101.17        1179.66        
33       261.462519           116.70          1147.39        
34       266.639970           430.61          1125.11        
35       267.662676           -448.33         1120.81        
36       269.391125           1847.15         1113.62        
37       269.672336           298.71          1112.46        
38       272.174146           98.42           1102.24        
39       273.963691           445.14          1095.04        
40       276.911387           761.17          1083.38        
41       281.419692           338.62          1066.02        
42       282.051791           61.19           1063.63        
43       311.068266           647.28          964.42         
44       322.686699           -8358.20        929.69         

============================================================
HIGHEST Q MODE:
============================================================
  Mode index: 13
  Frequency: 134.885708 THz
  Q factor: 3826186.74
  Wavelength: 2224.11 nm
  Mode volume: 2.632396
  Purcell Factor:  7.032320653535048e-16
