PHOTONIC CRYSTAL CAVITY MODE ANALYSIS
============================================================

Simulation Parameters:
  Width: 500 nm
  Length: 337 nm
  Number of defect holes: 10
  Number of mirrors: 8
  Resolution: 256

============================================================
DETECTED MODES:
============================================================
Mode     Frequency (THz)      Q Factor        Wavelength (nm)
------------------------------------------------------------
1        83.324696            305.92          3600.37        
2        94.193994            1922.15         3184.92        
3        103.130466           5359.56         2908.94        
4        111.376321           13544.61        2693.57        
5        119.255937           -26227.68       2515.60        
6        126.943419           -341810.01      2363.26        
7        134.468517           -233354.17      2231.01        
8        141.765470           300230.65       2116.17        
9        148.746914           127392.79       2016.85        
10       155.202152           238219.99       1932.96        
11       160.797159           303107.46       1865.70        
12       164.958803           500939.32       1818.64        
13       168.707419           50248.94        1778.23        
14       172.716271           -1480.49        1736.95        
15       203.954342           124.60          1470.92        
16       229.059763           405.89          1309.70        
17       244.929939           807.15          1224.84        
18       253.359282           -3465.49        1184.09        
19       260.383960           122.13          1152.14        
20       267.906787           490.78          1119.79        
21       269.388348           257.53          1113.63        
22       273.497666           257.26          1096.90        
23       277.838500           -1780.70        1079.76        
24       280.617915           126.53          1069.07        
25       283.664780           107.66          1057.59        
26       304.649790           110.24          984.74         

============================================================
HIGHEST Q MODE:
============================================================
  Mode index: 12
  Frequency: 164.958803 THz
  Q factor: 500939.32
  Wavelength: 1818.64 nm
  Mode volume: 2.463560
