PHOTONIC CRYSTAL CAVITY MODE ANALYSIS
============================================================

Simulation Parameters:
  Width: 500 nm
  Length: 337 nm
  Number of defect holes: 13
  Number of mirrors: 17
  Resolution: 128

============================================================
DETECTED MODES:
============================================================
Mode     Frequency (THz)      Q Factor        Wavelength (nm)
------------------------------------------------------------
1        78.510991            138.65          3821.12        
2        85.378382            699.40          3513.77        
3        92.044814            455.89          3259.28        
4        97.657808            879.94          3071.95        
5        102.902784           12655.24        2915.37        
6        107.912627           4068.54         2780.03        
7        112.733596           -1451.60        2661.14        
8        117.436168           649.29          2554.58        
9        122.105837           7751.97         2456.89        
10       126.618651           -4147.52        2369.32        
11       131.097482           -5417.47        2288.37        
12       135.531148           -11500.32       2213.51        
13       139.889461           -20324.75       2144.55        
14       144.146200           -22845.53       2081.22        
15       148.281179           -78414.62       2023.18        
16       152.238530           -314412.67      1970.59        
17       155.986737           119970.72       1923.24        
18       159.429777           656314.82       1881.71        
19       162.437446           -372645.47      1846.86        
20       164.875450           158263.16       1819.56        
21       167.206269           21246.43        1794.19        
22       169.713816           -7935.42        1767.68        
23       172.370828           1651.32         1740.43        
24       196.137580           474.79          1529.54        
25       212.458998           166.20          1412.04        
26       226.864041           210.55          1322.38        
27       237.430184           71.75           1263.53        
28       240.692263           2598.47         1246.40        
29       241.140788           361.23          1244.09        
30       243.862802           -96.34          1230.20        
31       253.260357           171.58          1184.55        
32       256.402773           -6016.74        1170.03        
33       263.233710           120.09          1139.67        
34       266.807563           -675.39         1124.41        
35       268.444748           428.94          1117.55        
36       269.553259           233.93          1112.95        
37       271.088834           -417.19         1106.65        
38       272.980703           312.49          1098.98        
39       275.685779           188.05          1088.20        
40       278.653107           245.17          1076.61        
41       283.126518           768.97          1059.60        
42       302.586352           111.09          991.45         
43       316.461569           -6592.39        947.98         
44       327.861566           617.41          915.02         

============================================================
HIGHEST Q MODE:
============================================================
  Mode index: 18
  Frequency: 159.429777 THz
  Q factor: 656314.82
  Wavelength: 1881.71 nm
  Mode volume: 2.383870
  Purcell Factor:  8.066828209850911e-17
