PHOTONIC CRYSTAL CAVITY MODE ANALYSIS
============================================================

Simulation Parameters:
  Width: 500 nm
  Length: 337 nm
  Number of defect holes: 10
  Number of mirrors: 9
  Resolution: 128

============================================================
DETECTED MODES:
============================================================
Mode     Frequency (THz)      Q Factor        Wavelength (nm)
------------------------------------------------------------
1        80.893322            134.54          3708.59        
2        91.526125            -13151.65       3277.75        
3        100.303748           3104.14         2990.92        
4        108.277980           -54193.40       2770.65        
5        115.814813           -7984.83        2590.34        
6        123.215476           3369.44         2434.76        
7        130.359459           -16052.94       2301.33        
8        137.399366           36583.43        2183.42        
9        144.200125           -215857.85      2080.44        
10       150.670014           679163.26       1991.11        
11       156.606932           -210446.75      1915.62        
12       161.646791           610662.62       1855.90        
13       165.402786           -95096.42       1813.75        
14       169.051554           -17627.12       1774.61        
15       172.674228           -638.91         1737.38        
16       193.434198           364.01          1550.92        
17       216.769139           227.65          1383.96        
18       240.412589           3016.90         1247.85        
19       244.575100           534.93          1226.62        
20       258.223628           133.22          1161.78        
21       263.785651           -788.91         1137.29        
22       267.455795           1778.39         1121.68        
23       269.351626           212.96          1113.79        
24       273.179831           183.43          1098.18        
25       277.642625           138.38          1080.53        
26       283.710512           73.67           1057.42        
27       312.323182           106.56          960.54         

============================================================
HIGHEST Q MODE:
============================================================
  Mode index: 10
  Frequency: 150.670014 THz
  Q factor: 679163.26
  Wavelength: 1991.11 nm
  Mode volume: 2.441325
  Purcell Factor:  9.657163113171505e-17
