PHOTONIC CRYSTAL CAVITY MODE ANALYSIS
============================================================

Simulation Parameters:
  Width: 500 nm
  Length: 337 nm
  Number of defect holes: 13
  Number of mirrors: 16
  Resolution: 128

============================================================
DETECTED MODES:
============================================================
Mode     Frequency (THz)      Q Factor        Wavelength (nm)
------------------------------------------------------------
1        70.669777            -50.51          4245.10        
2        87.073403            2127.65         3445.37        
3        93.626271            12098.41        3204.23        
4        99.323876            -82328.94       3020.42        
5        104.650890           2187.56         2866.67        
6        109.712886           -13862.28       2734.41        
7        114.634712           11640.79        2617.01        
8        119.468661           -13124.30       2511.12        
9        124.206280           -16373.96       2415.34        
10       128.900318           53544.46        2327.38        
11       133.520582           75541.15        2246.84        
12       138.071383           118140.02       2172.79        
13       142.514745           146141.10       2105.05        
14       146.825438           -2115.27        2043.24        
15       150.999274           109163.33       1986.76        
16       154.944403           64437.81        1936.18        
17       158.596124           -333830.14      1891.60        
18       161.821647           -570644.74      1853.89        
19       164.432959           -78075.45       1824.45        
20       166.811298           23303.80        1798.44        
21       169.341161           118343.55       1771.57        
22       171.434978           -269.19         1749.93        
23       189.400186           -156.83         1583.95        
24       203.370896           151.03          1475.14        
25       219.025582           317.46          1369.70        
26       234.362807           486.46          1280.07        
27       240.855039           1622.90         1245.56        
28       249.296263           8874.81         1203.39        
29       254.131094           173.14          1180.49        
30       262.095553           130.32          1144.62        
31       265.356779           -1923.83        1130.55        
32       267.045763           16755.05        1123.40        
33       268.575470           1014.74         1117.00        
34       270.294891           413.73          1109.90        
35       272.840015           459.03          1099.55        
36       275.779127           581.46          1087.83        
37       280.116372           132.99          1070.98        
38       281.346627           245.20          1066.30        
39       283.209371           1034.87         1059.29        
40       312.672648           463.39          959.47         
41       325.068863           2570.73         922.88         

============================================================
HIGHEST Q MODE:
============================================================
  Mode index: 13
  Frequency: 142.514745 THz
  Q factor: 146141.10
  Wavelength: 2105.05 nm
  Mode volume: 1.512740
  Purcell Factor:  3.9628728636878385e-17
