PHOTONIC CRYSTAL CAVITY MODE ANALYSIS
============================================================

Simulation Parameters:
  Width: 500 nm
  Length: 337 nm
  Number of defect holes: 10
  Number of mirrors: 11
  Resolution: 256

============================================================
DETECTED MODES:
============================================================
Mode     Frequency (THz)      Q Factor        Wavelength (nm)
------------------------------------------------------------
1        76.548331            -343.95         3919.09        
2        86.739095            -14495.13       3458.65        
3        95.650015            955.92          3136.43        
4        103.269383           14735.82        2905.02        
5        110.372617           8444.94         2718.07        
6        117.170728           -21113.81       2560.37        
7        123.811289           -19272.51       2423.04        
8        130.317165           -40476.07       2302.08        
9        136.701148           92512.52        2194.57        
10       142.895824           -150790.65      2099.43        
11       148.852431           880887.39       2015.42        
12       154.431432           290836.64       1942.61        
13       159.459106           232635.50       1881.36        
14       163.533453           1110172.09      1834.49        
15       166.777354           807977.44       1798.81        
16       170.266292           19258.63        1761.95        
17       173.323557           -1435.25        1730.87        
18       195.559983           84.54           1534.06        
19       217.413051           224.74          1379.86        
20       238.824872           1218.99         1256.15        
21       245.038146           593.48          1224.30        
22       257.883414           163.47          1163.32        
23       261.173346           362.83          1148.66        
24       268.012744           1805.18         1119.35        
25       269.130316           216.66          1114.70        
26       271.948897           221.51          1103.15        
27       276.061125           264.27          1086.72        
28       279.741665           -1654.85        1072.42        
29       281.938243           138.36          1064.06        
30       283.989084           141.58          1056.38        
31       304.379537           112.13          985.61         
32       324.707644           -4381.20        923.91         

============================================================
HIGHEST Q MODE:
============================================================
  Mode index: 14
  Frequency: 163.533453 THz
  Q factor: 1110172.09
  Wavelength: 1834.49 nm
  Mode volume: 1.507733
