PHOTONIC CRYSTAL CAVITY MODE ANALYSIS
============================================================

Simulation Parameters:
  Width: 500 nm
  Length: 337 nm
  Number of defect holes: 8
  Number of mirrors: 18
  Resolution: 128

============================================================
DETECTED MODES:
============================================================
Mode     Frequency (THz)      Q Factor        Wavelength (nm)
------------------------------------------------------------
1        77.135099            -104.88         3889.28        
2        85.402638            290.60          3512.77        
3        93.011522            -2635.95        3225.41        
4        99.533676            720.10          3014.06        
5        105.543128           6394.42         2842.44        
6        111.236215           5296.81         2696.96        
7        116.713758           6292.35         2570.39        
8        122.104147           -30684.90       2456.92        
9        127.407686           -8048.03        2354.65        
10       132.613662           48273.79        2262.21        
11       137.737276           -15686.22       2178.06        
12       142.738462           32930.53        2101.75        
13       147.580490           174801.36       2032.79        
14       152.217569           -77684.52       1970.86        
15       156.557500           -90736.77       1916.23        
16       160.479723           -265396.87      1869.40        
17       163.798608           -171136.79      1831.52        
18       166.622554           -50918.67       1800.48        
19       169.429790           -6257.57        1770.64        
20       172.013727           -6642.38        1744.05        
21       173.722898           -267.43         1726.89        
22       209.803962           180.91          1429.91        
23       227.074050           425.64          1321.15        
24       244.279735           1339.78         1228.10        
25       247.981177           303.28          1209.77        
26       260.650784           649.55          1150.97        
27       264.391826           110.44          1134.68        
28       267.581756           1158.58         1121.15        
29       268.761896           427.59          1116.23        
30       270.798441           627.35          1107.84        
31       273.473619           296.09          1097.00        
32       276.336394           407.04          1085.63        
33       278.136091           -1537.83        1078.61        
34       280.904041           231.22          1067.98        
35       283.632139           79.69           1057.71        
36       284.208195           358.44          1055.56        
37       292.538318           96.29           1025.51        
38       314.284717           -254.08         954.55         

============================================================
HIGHEST Q MODE:
============================================================
  Mode index: 13
  Frequency: 147.580490 THz
  Q factor: 174801.36
  Wavelength: 2032.79 nm
  Mode volume: 2.212353
  Purcell Factor:  2.918671122290272e-17
