PHOTONIC CRYSTAL CAVITY MODE ANALYSIS
============================================================

Simulation Parameters:
  Width: 500 nm
  Length: 337 nm
  Number of defect holes: 15
  Number of mirrors: 8
  Resolution: 128

============================================================
DETECTED MODES:
============================================================
Mode     Frequency (THz)      Q Factor        Wavelength (nm)
------------------------------------------------------------
1        71.254412            -56.90          4210.27        
2        81.693652            406.23          3672.26        
3        90.515331            -837.61         3314.36        
4        97.811534            4894.85         3067.12        
5        104.473886           66671.76        2871.53        
6        110.775235           90617.40        2708.19        
7        116.888795           97068.10        2566.54        
8        122.881195           82920.20        2441.38        
9        128.787906           854441.01       2329.41        
10       134.590813           -1520742.51     2228.98        
11       140.257170           141636.22       2138.93        
12       145.751893           75163.20        2058.29        
13       150.986417           3319325.93      1986.93        
14       155.852559           303117.83       1924.90        
15       159.247544           190.86          1883.86        
16       160.180788           680761.69       1872.88        
17       163.592708           1234396.45      1833.82        
18       166.314037           72729.00        1803.82        
19       169.501250           -9246.24        1769.90        
20       171.827675           -98.07          1745.94        
21       178.062931           66.39           1684.80        
22       198.156032           123.17          1513.96        
23       217.859569           231.42          1377.03        
24       237.204066           3597.43         1264.73        
25       239.094915           2027.91         1254.73        
26       250.931143           252.49          1195.55        
27       255.852435           3285.55         1172.55        
28       260.778477           128.33          1150.40        
29       266.460371           216.68          1125.87        
30       267.950487           665.99          1119.61        
31       270.848122           320.61          1107.63        
32       274.509909           965.14          1092.86        
33       276.876162           187.94          1083.52        
34       278.617335           76.95           1076.75        
35       282.711355           529.06          1061.15        
36       295.424456           114.23          1015.49        
37       315.775864           -1216.15        950.04         

============================================================
HIGHEST Q MODE:
============================================================
  Mode index: 13
  Frequency: 150.986417 THz
  Q factor: 3319325.93
  Wavelength: 1986.93 nm
  Mode volume: 3.175962
  Purcell Factor:  3.6053089879341506e-16
