PHOTONIC CRYSTAL CAVITY MODE ANALYSIS
============================================================

Simulation Parameters:
  Width: 500 nm
  Length: 337 nm
  Number of defect holes: 12
  Number of mirrors: 5
  Resolution: 128

============================================================
DETECTED MODES:
============================================================
Mode     Frequency (THz)      Q Factor        Wavelength (nm)
------------------------------------------------------------
1        72.472010            -69.06          4139.53        
2        85.802336            4830.92         3496.41        
3        96.343225            3205.48         3113.87        
4        105.384934           14246.36        2846.71        
5        113.854720           -356860.68      2634.94        
6        122.058289           -28101.47       2457.84        
7        130.079590           -425313.40      2306.28        
8        137.907586           -1266549.68     2175.37        
9        145.445364           93649.92        2062.63        
10       152.495532           331567.85       1967.27        
11       158.743574           569691.10       1889.84        
12       161.604423           -4165.48        1856.38        
13       163.517780           1558357.71      1834.66        
14       167.151869           969270.61       1794.78        
15       171.617278           -5230.47        1748.08        
16       189.222875           80.22           1585.43        
17       215.257576           -156.31         1393.68        
18       216.052022           245.65          1388.55        
19       241.552516           5353.33         1241.97        
20       242.681668           14087.15        1236.19        
21       255.402241           187.52          1174.62        
22       263.460138           153.88          1138.69        
23       267.597736           1755.91         1121.09        
24       269.415726           -1612.86        1113.52        
25       274.035159           118.81          1094.75        
26       279.398403           67.51           1073.74        
27       282.361617           154.02          1062.47        
28       297.272963           60.84           1009.17        
29       322.259413           -1381.98        930.93         

============================================================
HIGHEST Q MODE:
============================================================
  Mode index: 13
  Frequency: 163.517780 THz
  Q factor: 1558357.71
  Wavelength: 1834.66 nm
  Mode volume: 1.669910
  Purcell Factor:  2.534315879220955e-16
