PHOTONIC CRYSTAL CAVITY MODE ANALYSIS
============================================================

Simulation Parameters:
  Width: 500 nm
  Length: 337 nm
  Number of defect holes: 13
  Number of mirrors: 13
  Resolution: 128

============================================================
DETECTED MODES:
============================================================
Mode     Frequency (THz)      Q Factor        Wavelength (nm)
------------------------------------------------------------
1        76.602385            -121.18         3916.33        
2        84.965631            502.93          3530.84        
3        92.411462            -1360.86        3246.35        
4        98.767391            1251.55         3037.44        
5        104.727348           1971.79         2864.58        
6        110.344032           4373.41         2718.77        
7        115.813028           -9183.96        2590.38        
8        121.172645           -7633.53        2475.81        
9        126.439699           12591.75        2372.67        
10       131.625238           -24806.23       2279.20        
11       136.737325           34909.73        2193.99        
12       141.719108           -51959.98       2116.86        
13       146.563516           44084.54        2046.89        
14       151.195340           111693.89       1984.19        
15       155.558185           354830.74       1928.54        
16       159.514770           83199.20        1880.70        
17       162.859535           -1673568.54     1842.08        
18       165.497653           64835.58        1812.71        
19       168.201707           7468.62         1783.57        
20       170.970690           706.74          1754.69        
21       209.603205           131.16          1431.28        
22       227.090637           295.55          1321.06        
23       240.807745           1874.78         1245.81        
24       244.091791           12502.68        1229.05        
25       253.767702           184.54          1182.18        
26       260.280092           649.82          1152.60        
27       264.091607           162.57          1135.97        
28       267.327395           -1778.25        1122.22        
29       268.811435           526.66          1116.02        
30       271.310869           268.47          1105.74        
31       274.316122           286.67          1093.63        
32       277.225389           -1230.45        1082.15        
33       279.281496           117.57          1074.19        
34       279.791580           176.28          1072.23        
35       287.781857           134.90          1042.46        
36       311.809486           51.26           962.13         
37       314.405818           820.89          954.18         
38       328.154487           445.76          914.20         

============================================================
HIGHEST Q MODE:
============================================================
  Mode index: 15
  Frequency: 155.558185 THz
  Q factor: 354830.74
  Wavelength: 1928.54 nm
  Mode volume: 2.434251
  Purcell Factor:  4.59789303571071e-17
