PHOTONIC CRYSTAL CAVITY MODE ANALYSIS
============================================================

Simulation Parameters:
  Width: 500 nm
  Length: 337 nm
  Number of defect holes: 16
  Number of mirrors: 17
  Resolution: 128

============================================================
DETECTED MODES:
============================================================
Mode     Frequency (THz)      Q Factor        Wavelength (nm)
------------------------------------------------------------
1        73.488853            -77.17          4082.25        
2        80.583721            60.53           3722.84        
3        87.124073            -542.70         3443.37        
4        92.876162            -9500.60        3230.11        
5        97.924358            3757.31         3063.59        
6        102.654820           6050.31         2922.42        
7        107.174681           14070.67        2799.17        
8        111.540802           -45640.25       2689.60        
9        115.814626           -9496.08        2590.35        
10       120.025611           -7055.78        2499.47        
11       124.185068           -58942.16       2415.75        
12       128.285023           35137.41        2338.54        
13       132.349071           -64598.04       2266.73        
14       136.349124           220294.57       2200.23        
15       140.291665           349044.38       2138.40        
16       144.138566           143863.84       2081.33        
17       147.885695           -385004.71      2028.59        
18       151.493158           257028.18       1980.29        
19       154.936471           -693223.23      1936.28        
20       158.149678           -538096.62      1896.94        
21       161.061181           -167763.35      1862.65        
22       163.504784           -2675564.79     1834.81        
23       165.555197           362515.38       1812.08        
24       167.733753           33177.65        1788.55        
25       169.990149           4948.62         1764.81        
26       191.450938           153.95          1566.98        
27       205.723893           116.15          1458.27        
28       219.432291           206.49          1367.16        
29       232.954939           508.00          1287.80        
30       238.248940           3547.15         1259.19        
31       246.050598           9179.95         1219.26        
32       250.301421           284.00          1198.55        
33       257.549240           153.82          1164.83        
34       260.388853           2322.55         1152.12        
35       265.662426           156.82          1129.25        
36       268.510233           632.22          1117.28        
37       270.055054           441.05          1110.88        
38       271.969655           6585.08         1103.06        
39       273.595340           4350.46         1096.51        
40       275.622265           111.08          1088.45        
41       276.864005           -34090.03       1083.56        
42       279.820949           245.29          1072.11        
43       283.722870           -365.24         1057.37        
44       301.345608           106.93          995.53         
45       314.522010           -2908.97        953.83         
46       319.144894           61.46           940.01         

============================================================
HIGHEST Q MODE:
============================================================
  Mode index: 23
  Frequency: 165.555197 THz
  Q factor: 362515.38
  Wavelength: 1812.08 nm
  Mode volume: 1.987666
  Purcell Factor:  4.77239127623682e-17
