PHOTONIC CRYSTAL CAVITY MODE ANALYSIS
============================================================

Simulation Parameters:
  Width: 500 nm
  Length: 337 nm
  Number of defect holes: 13
  Number of mirrors: 18
  Resolution: 128

============================================================
DETECTED MODES:
============================================================
Mode     Frequency (THz)      Q Factor        Wavelength (nm)
------------------------------------------------------------
1        77.064299            -3261.72        3892.85        
2        83.646571            314.48          3586.52        
3        90.447556            -985.47         3316.84        
4        96.133755            -185904.34      3120.65        
5        101.286046           5679.30         2961.91        
6        106.218675           -13539.68       2824.36        
7        110.898956           -8079.64        2705.17        
8        115.488087           37123.20        2597.67        
9        119.993253           20567.66        2500.14        
10       124.433594           21627.16        2410.92        
11       128.821547           18936.79        2328.80        
12       133.143988           12972.33        2253.20        
13       137.406709           12646.90        2183.30        
14       141.570591           -595.12         2119.08        
15       145.663883           -44122.74       2059.54        
16       149.609704           -115727.45      2005.22        
17       153.382116           39565.89        1955.90        
18       156.941440           -144890.61      1911.54        
19       160.188469           -8179432.06     1872.79        
20       162.988737           -2048101.53     1840.62        
21       165.296211           100302.68       1814.92        
22       167.590582           165670.88       1790.08        
23       169.984901           -813.88         1764.86        
24       172.017134           511.92          1744.01        
25       204.327758           226.94          1468.23        
26       219.028512           246.49          1369.68        
27       233.609549           518.85          1284.19        
28       240.847286           1680.54         1245.60        
29       247.716262           7151.10         1211.06        
30       253.963047           174.74          1181.27        
31       261.104994           342.27          1148.96        
32       263.982626           204.62          1136.44        
33       268.319525           1981.24         1118.07        
34       269.774478           520.79          1112.04        
35       271.633399           404.11          1104.43        
36       274.230318           1100.39         1093.97        
37       276.183858           2156.74         1086.23        
38       280.139046           -4796.45        1070.90        
39       283.698138           -838.00         1057.46        
40       306.671615           336.21          978.25         
41       319.983336           -727.33         937.55         

============================================================
HIGHEST Q MODE:
============================================================
  Mode index: 22
  Frequency: 167.590582 THz
  Q factor: 165670.88
  Wavelength: 1790.08 nm
  Mode volume: 1.685545
  Purcell Factor:  2.4793544229212087e-17
