PHOTONIC CRYSTAL CAVITY MODE ANALYSIS
============================================================

Simulation Parameters:
  Width: 500 nm
  Length: 337 nm
  Number of defect holes: 16
  Number of mirrors: 11
  Resolution: 128

============================================================
DETECTED MODES:
============================================================
Mode     Frequency (THz)      Q Factor        Wavelength (nm)
------------------------------------------------------------
1        74.609301            -95.74          4020.95        
2        82.985838            141.09          3615.07        
3        90.337969            -1147.42        3320.86        
4        96.554079            3691.53         3107.07        
5        102.354944           -3331.97        2930.98        
6        107.886209           -3486.46        2780.71        
7        113.157078           -42906.74       2651.18        
8        118.306905           -4715.87        2535.78        
9        123.415771           -12324.84       2430.81        
10       128.428284           -12337.60       2335.93        
11       133.368969           -1279.64        2249.40        
12       138.243306           -45852.71       2170.09        
13       142.987799           153015.34       2098.08        
14       147.586837           106945.52       2032.70        
15       151.974761           116399.35       1974.01        
16       156.090429           38812.75        1921.96        
17       159.821993           -84018.08       1877.09        
18       162.923682           -63883.73       1841.35        
19       165.351884           190249.28       1814.31        
20       167.940353           -58481.83       1786.35        
21       170.831131           752.79          1756.12        
22       201.487327           76.93           1488.93        
23       218.673097           275.62          1371.91        
24       235.101492           1001.14         1276.04        
25       238.262057           3027.88         1259.12        
26       249.471969           292.95          1202.54        
27       251.723672           -1377.75        1191.78        
28       258.791320           134.70          1159.24        
29       264.491273           186.88          1134.25        
30       268.017903           -1875.31        1119.33        
31       269.933175           527.27          1111.39        
32       272.726895           180.59          1100.00        
33       278.568029           99.31           1076.94        
34       283.172626           -1340.24        1059.42        
35       303.466242           189.94          988.58         
36       317.558688           -2233.83        944.71         

============================================================
HIGHEST Q MODE:
============================================================
  Mode index: 19
  Frequency: 165.351884 THz
  Q factor: 190249.28
  Wavelength: 1814.31 nm
  Mode volume: 3.946920
  Purcell Factor:  1.2659564269178918e-17
