PHOTONIC CRYSTAL CAVITY MODE ANALYSIS
============================================================

Simulation Parameters:
  Width: 500 nm
  Length: 337 nm
  Number of defect holes: 10
  Number of mirrors: 13
  Resolution: 128

============================================================
DETECTED MODES:
============================================================
Mode     Frequency (THz)      Q Factor        Wavelength (nm)
------------------------------------------------------------
1        71.402284            -54.81          4201.55        
2        82.199372            297.41          3649.66        
3        91.149156            -1861.71        3291.31        
4        98.588358            1774.24         3042.96        
5        105.365421           -7956.77        2847.23        
6        111.747555           10729.23        2684.62        
7        117.917393           64281.56        2544.15        
8        123.958472           -17776.68       2420.17        
9        129.886084           -17223.94       2309.72        
10       135.716423           -32613.56       2210.49        
11       141.398224           -100072.81      2121.67        
12       146.903508           -3838850.20     2042.16        
13       152.129510           81489.07        1972.00        
14       156.982521           308908.88       1911.04        
15       161.233086           166232.13       1860.66        
16       164.636465           1957.95         1822.20        
17       167.602558           -59985.35       1789.95        
18       170.780837           21926.12        1756.64        
19       173.395549           -121.57         1730.15        
20       198.257470           51.91           1513.18        
21       217.942431           320.50          1376.51        
22       237.410227           650.22          1263.64        
23       244.503664           642.99          1226.98        
24       255.918700           612.33          1172.25        
25       259.879253           150.89          1154.38        
26       267.109624           2011.69         1123.13        
27       268.234229           512.01          1118.43        
28       270.373463           351.84          1109.58        
29       273.555359           394.75          1096.67        
30       276.040508           -1230.90        1086.80        
31       279.230150           138.51          1074.38        
32       283.129924           251.95          1059.58        
33       316.398055           255.28          948.17         

============================================================
HIGHEST Q MODE:
============================================================
  Mode index: 14
  Frequency: 156.982521 THz
  Q factor: 308908.88
  Wavelength: 1911.04 nm
  Mode volume: 3.255945
  Purcell Factor:  2.9119305670859074e-17
