PHOTONIC CRYSTAL CAVITY MODE ANALYSIS
============================================================

Simulation Parameters:
  Width: 500 nm
  Length: 337 nm
  Number of defect holes: 16
  Number of mirrors: 13
  Resolution: 128

============================================================
DETECTED MODES:
============================================================
Mode     Frequency (THz)      Q Factor        Wavelength (nm)
------------------------------------------------------------
1        70.560164            -52.03          4251.69        
2        79.777030            171.64          3760.48        
3        86.847048            -793.66         3454.35        
4        93.260009            2088.84         3216.81        
5        98.921665            20459.41        3032.70        
6        104.217688           -8532.42        2878.59        
7        109.255951           19004.79        2745.85        
8        114.169049           -17454.63       2627.68        
9        118.959938           -35300.69       2521.86        
10       123.703224           940301.94       2425.16        
11       128.376741           310735.64       2336.87        
12       132.992159           -152475.01      2255.77        
13       137.529908           -54516.27       2181.34        
14       141.970449           -101813.37      2113.12        
15       146.294466           -614024.54      2050.66        
16       150.448780           2484215.45      1994.03        
17       154.330776           -697.39         1943.88        
18       158.063299           1023644.71      1897.97        
19       161.318988           260126.58       1859.67        
20       163.941290           1775236.17      1829.92        
21       166.195592           -66321.25       1805.10        
22       168.717653           10534.96        1778.12        
23       170.693878           527.19          1757.53        
24       171.214368           -50.83          1752.19        
25       187.733005           104.15          1598.01        
26       203.402945           158.69          1474.90        
27       218.917502           218.80          1370.38        
28       234.282772           744.03          1280.50        
29       238.257654           3216.44         1259.14        
30       248.709578           694.17          1206.23        
31       250.704545           486.99          1196.63        
32       258.450348           132.22          1160.76        
33       263.652291           864.96          1137.86        
34       266.321253           666.19          1126.46        
35       267.542537           -671.05         1121.32        
36       269.235728           589.00          1114.27        
37       271.820264           399.76          1103.67        
38       274.703276           269.26          1092.09        
39       276.921922           78.42           1083.34        
40       278.079879           -1382.96        1078.83        
41       280.447130           -1745.32        1069.72        
42       283.975382           229.20          1056.43        
43       297.126469           274.04          1009.67        
44       312.291637           3092.34         960.64         
45       323.404641           258.98          927.63         

============================================================
HIGHEST Q MODE:
============================================================
  Mode index: 16
  Frequency: 150.448780 THz
  Q factor: 2484215.45
  Wavelength: 1994.03 nm
  Mode volume: 1.699940
  Purcell Factor:  5.095318295711482e-16
