PHOTONIC CRYSTAL CAVITY MODE ANALYSIS
============================================================

Simulation Parameters:
  Width: 500 nm
  Length: 337 nm
  Number of defect holes: 9
  Number of mirrors: 16
  Resolution: 128

============================================================
DETECTED MODES:
============================================================
Mode     Frequency (THz)      Q Factor        Wavelength (nm)
------------------------------------------------------------
1        78.545602            299.06          3819.44        
2        87.224420            1774.22         3439.40        
3        94.756789            1793.39         3166.00        
4        101.306686           10361.04        2961.31        
5        107.407425           7205.87         2793.10        
6        113.233273           110438.80       2649.40        
7        118.894623           -6410.86        2523.24        
8        124.451054           -60633.70       2410.59        
9        129.911646           -30696.88       2309.26        
10       135.278929           22552.10        2217.64        
11       140.538146           54418.86        2134.65        
12       145.662443           -2618.68        2059.56        
13       150.539900           81269.75        1992.83        
14       155.165376           128773.42       1933.42        
15       159.373647           363434.55       1882.37        
16       162.966572           222403.49       1840.87        
17       165.897082           134018.52       1808.35        
18       168.783836           -555817.23      1777.42        
19       171.536943           -1453.47        1748.89        
20       173.672729           -344.82         1727.39        
21       180.580798           56.39           1661.31        
22       200.544131           67.55           1495.93        
23       218.341327           254.31          1374.00        
24       236.290676           465.88          1269.62        
25       246.025641           521.01          1219.39        
26       253.851033           -2955.64        1181.80        
27       261.558151           122.82          1146.97        
28       267.805590           -162.66         1120.22        
29       268.572521           426.38          1117.02        
30       270.092404           431.86          1110.73        
31       271.579352           1079.54         1104.65        
32       274.105860           263.94          1094.47        
33       277.234903           -2034.65        1082.11        
34       277.286901           181.25          1081.91        
35       281.354975           214.37          1066.27        
36       283.910152           87.57           1056.67        
37       309.119948           118.14          970.50         
38       325.885460           -1734.25        920.57         

============================================================
HIGHEST Q MODE:
============================================================
  Mode index: 15
  Frequency: 159.373647 THz
  Q factor: 363434.55
  Wavelength: 1882.37 nm
  Mode volume: 1.954810
  Purcell Factor:  5.4532295122814674e-17
