PHOTONIC CRYSTAL CAVITY MODE ANALYSIS
============================================================

Simulation Parameters:
  Width: 500 nm
  Length: 337 nm
  Number of defect holes: 14
  Number of mirrors: 17
  Resolution: 128

============================================================
DETECTED MODES:
============================================================
Mode     Frequency (THz)      Q Factor        Wavelength (nm)
------------------------------------------------------------
1        76.704851            264.31          3911.10        
2        83.599567            304.41          3588.54        
3        90.417325            -2241.05        3317.95        
4        96.022682            797.08          3124.26        
5        101.157689           5315.35         2965.67        
6        106.070711           4801.97         2828.30        
7        110.776863           -9741.48        2708.15        
8        115.341992           -3931.07        2600.96        
9        119.830608           -6093.48        2503.53        
10       124.350141           -2232.33        2412.54        
11       128.645602           -30910.69       2331.99        
12       132.975759           -94935.76       2256.05        
13       137.232634           -194572.69      2186.07        
14       141.416104           -86772.14       2121.40        
15       145.490858           -24627.18       2061.99        
16       149.441258           34113.80        2007.48        
17       153.210615           65087.07        1958.09        
18       156.773486           205413.45       1913.59        
19       160.025632           -54432.88       1874.70        
20       162.834368           -71424.17       1842.36        
21       165.118691           83674.23        1816.87        
22       167.385130           -9167.31        1792.27        
23       169.892842           -5393.30        1765.82        
24       205.071329           273.94          1462.91        
25       219.161979           334.01          1368.85        
26       233.595934           511.91          1284.27        
27       239.891848           2131.58         1250.56        
28       247.621834           5055.06         1211.52        
29       252.658763           198.69          1187.37        
30       260.196941           160.92          1152.97        
31       263.034396           661.84          1140.54        
32       268.557482           357.79          1117.08        
33       269.740389           287.29          1112.18        
34       271.418832           -3607.63        1105.30        
35       274.173440           3075.50         1094.20        
36       276.330032           332.89          1085.66        
37       280.348513           153.08          1070.10        
38       281.306506           250.95          1066.45        
39       289.666911           -76.75          1035.67        
40       306.792673           150.42          977.86         
41       319.685607           -1100.21        938.42         

============================================================
HIGHEST Q MODE:
============================================================
  Mode index: 18
  Frequency: 156.773486 THz
  Q factor: 205413.45
  Wavelength: 1913.59 nm
  Mode volume: 1.980335
  Purcell Factor:  3.1963463068549525e-17
