PHOTONIC CRYSTAL CAVITY MODE ANALYSIS
============================================================

Simulation Parameters:
  Width: 500 nm
  Length: 337 nm
  Number of defect holes: 6
  Number of mirrors: 16
  Resolution: 128

============================================================
DETECTED MODES:
============================================================
Mode     Frequency (THz)      Q Factor        Wavelength (nm)
------------------------------------------------------------
1        74.108815            -71.62          4048.10        
2        84.907562            570.30          3533.25        
3        93.900409            1527.11         3194.87        
4        101.512725           783.80          2955.29        
5        108.458217           5763.01         2766.04        
6        115.094049           9483.23         2606.56        
7        121.520174           -10072.35       2468.73        
8        127.819492           16862.91        2347.06        
9        133.990772           -29561.83       2238.96        
10       140.026438           -157358.63      2142.45        
11       145.869368           -646023.32      2056.63        
12       151.439274           -75691.80       1980.99        
13       156.621629           140828.54       1915.44        
14       161.193290           177834.22       1861.12        
15       164.954844           288189.60       1818.68        
16       168.322659           -503516.20      1782.29        
17       171.349595           -18041.60       1750.81        
18       173.406400           -1076.59        1730.04        
19       206.784075           156.82          1450.79        
20       227.992096           278.40          1315.84        
21       234.753811           -118.02         1277.93        
22       248.207423           3272.13         1208.67        
23       252.957116           158.30          1185.97        
24       266.883520           258.85          1124.09        
25       267.609314           601.06          1121.04        
26       268.695136           1756.50         1116.51        
27       270.607295           352.46          1108.62        
28       273.614358           235.97          1096.43        
29       277.434511           340.72          1081.34        
30       280.972835           320.85          1067.72        
31       283.607384           -110.31         1057.80        
32       289.382793           167.70          1036.69        

============================================================
HIGHEST Q MODE:
============================================================
  Mode index: 15
  Frequency: 164.954844 THz
  Q factor: 288189.60
  Wavelength: 1818.68 nm
  Mode volume: 1.017128
  Purcell Factor:  7.495302087175527e-17
