PHOTONIC CRYSTAL CAVITY MODE ANALYSIS
============================================================

Simulation Parameters:
  Width: 500 nm
  Length: 337 nm
  Number of defect holes: 9
  Number of mirrors: 18
  Resolution: 128

============================================================
DETECTED MODES:
============================================================
Mode     Frequency (THz)      Q Factor        Wavelength (nm)
------------------------------------------------------------
1        74.844543            -90.06          4008.31        
2        83.350825            232.41          3599.24        
3        91.033080            5128.66         3295.51        
4        97.505713            881.44          3076.74        
5        103.412910           2343.31         2900.99        
6        108.985215           -5236.89        2752.67        
7        114.335460           -14391.10       2623.86        
8        119.555127           21839.70        2509.30        
9        124.684113           -112242.42      2406.08        
10       129.743149           40286.19        2312.26        
11       134.715313           -34139.74       2226.92        
12       139.599295           107895.20       2149.01        
13       144.361909           42343.81        2078.11        
14       148.958790           64117.85        2013.98        
15       153.345226           72198.48        1956.37        
16       157.440312           -413765.55      1905.48        
17       161.102051           381777.54       1862.17        
18       164.173905           145670.13       1827.33        
19       166.835364           -26487.44       1798.18        
20       169.561146           -7653.89        1769.27        
21       172.013638           4544.16         1744.05        
22       172.808528           -91.68          1736.03        
23       201.989966           78.86           1485.22        
24       218.780480           213.41          1371.24        
25       235.291506           369.66          1275.01        
26       245.989251           528.97          1219.57        
27       251.677283           -16221.92       1192.00        
28       261.151993           114.16          1148.76        
29       267.304257           855.66          1122.32        
30       268.441396           4956.12         1117.56        
31       270.463469           394.39          1109.21        
32       272.905899           334.91          1099.28        
33       275.857501           270.07          1087.52        
34       278.933484           380.11          1075.53        
35       281.830197           -730.24         1064.47        
36       283.349758           457.76          1058.76        
37       284.532770           125.99          1054.36        
38       318.949407           541.59          940.59         

============================================================
HIGHEST Q MODE:
============================================================
  Mode index: 17
  Frequency: 161.102051 THz
  Q factor: 381777.54
  Wavelength: 1862.17 nm
  Mode volume: 1.979585
  Purcell Factor:  5.476645757477912e-17
