PHOTONIC CRYSTAL CAVITY MODE ANALYSIS
============================================================

Simulation Parameters:
  Width: 500 nm
  Length: 337 nm
  Number of defect holes: 10
  Number of mirrors: 7
  Resolution: 256

============================================================
DETECTED MODES:
============================================================
Mode     Frequency (THz)      Q Factor        Wavelength (nm)
------------------------------------------------------------
1        72.618974            -63.72          4131.15        
2        86.142565            729.90          3482.60        
3        96.911952            2188.00         3095.59        
4        106.046383           -20489.54       2828.95        
5        114.584796           -13083.54       2618.15        
6        122.845568           56628.19        2442.09        
7        130.891269           121982.58       2291.98        
8        138.747547           121373.10       2162.20        
9        146.286444           -224938.80      2050.77        
10       153.325187           -1518215.05     1956.63        
11       159.541188           -511194.92      1880.39        
12       164.243544           -940676.90      1826.56        
13       168.076341           -67702.68       1784.90        
14       172.374268           -1119.99        1740.40        
15       187.513493           90.72           1599.88        
16       216.091578           177.66          1388.30        
17       242.384852           -2997.09        1237.70        
18       245.159886           481.05          1223.69        
19       259.218293           146.24          1157.33        
20       266.611070           299.61          1125.23        
21       268.307892           -892.51         1118.12        
22       270.831652           355.68          1107.70        
23       275.366470           99.06           1089.46        
24       280.923797           132.58          1067.91        
25       284.027538           155.01          1056.24        
26       296.052415           79.24           1013.33        
27       323.183563           981.58          928.27         

============================================================
HIGHEST Q MODE:
============================================================
  Mode index: 7
  Frequency: 130.891269 THz
  Q factor: 121982.58
  Wavelength: 2291.98 nm
  Mode volume: 2.486794
