PHOTONIC CRYSTAL CAVITY MODE ANALYSIS
============================================================

Simulation Parameters:
  Width: 500 nm
  Length: 337 nm
  Number of defect holes: 14
  Number of mirrors: 12
  Resolution: 128

============================================================
DETECTED MODES:
============================================================
Mode     Frequency (THz)      Q Factor        Wavelength (nm)
------------------------------------------------------------
1        76.701533            -219.10         3911.26        
2        84.735530            317.99          3540.43        
3        92.295836            2126.02         3250.42        
4        98.631513            -19986.27       3041.62        
5        104.553101           -18448.01       2869.36        
6        110.184178           -3357.57        2722.71        
7        115.640607           -9049.42        2594.24        
8        120.988008           41381.59        2479.58        
9        126.239117           -25330.55       2376.44        
10       131.436226           -22185.00       2282.48        
11       136.528616           54765.75        2197.34        
12       141.524433           -336579.84      2119.78        
13       146.353580           86403.64        2049.83        
14       150.995520           58728.20        1986.81        
15       155.351852           72548.13        1931.10        
16       159.322751           -136162.24      1882.97        
17       162.679497           118284.83       1844.12        
18       165.288271           82785.25        1815.01        
19       167.940329           -4477.83        1786.35        
20       170.396867           -4370.00        1760.60        
21       192.926622           512.72          1555.00        
22       209.607333           220.00          1431.25        
23       227.077256           360.49          1321.14        
24       239.865397           2497.97         1250.70        
25       244.058739           -26009.31       1229.21        
26       252.499736           212.49          1188.12        
27       259.555229           211.19          1155.82        
28       262.780892           284.12          1141.64        
29       267.822060           1441.97         1120.15        
30       268.101966           226.12          1118.98        
31       270.529858           290.44          1108.93        
32       273.567141           197.61          1096.62        
33       277.096586           685.86          1082.65        
34       278.058568           73.39           1078.91        
35       280.071880           159.06          1071.15        
36       283.458554           520.11          1058.36        
37       287.090555           70.08           1044.97        
38       299.987678           71.39           1000.04        
39       314.092378           2320.98         955.13         
40       326.932613           33339.26        917.62         

============================================================
HIGHEST Q MODE:
============================================================
  Mode index: 17
  Frequency: 162.679497 THz
  Q factor: 118284.83
  Wavelength: 1844.12 nm
  Mode volume: 2.150655
  Purcell Factor:  1.5168453469164232e-17
