PHOTONIC CRYSTAL CAVITY MODE ANALYSIS
============================================================

Simulation Parameters:
  Width: 500 nm
  Length: 337 nm
  Number of defect holes: 11
  Number of mirrors: 7
  Resolution: 128

============================================================
DETECTED MODES:
============================================================
Mode     Frequency (THz)      Q Factor        Wavelength (nm)
------------------------------------------------------------
1        69.203875            -50.67          4335.02        
2        83.217447            485.74          3605.01        
3        93.853845            4154.18         3196.46        
4        102.741984           4024.02         2919.94        
5        110.932334           -15571.76       2704.35        
6        118.790019           20881.69        2525.46        
7        126.457784           -38166.93       2372.33        
8        133.957054           -52646.99       2239.52        
9        141.258450           -97734.31       2123.77        
10       148.226327           -135546.80      2023.93        
11       154.694533           103919.41       1939.31        
12       160.323910           183956.96       1871.21        
13       164.492906           -587107.56      1823.79        
14       168.123609           119699.81       1784.40        
15       172.295249           1800.87         1741.20        
16       177.895978           182.67          1686.38        
17       203.915648           111.75          1471.20        
18       229.034158           500.03          1309.85        
19       243.108253           1120.19         1234.02        
20       252.963740           1336.49         1185.94        
21       258.001899           130.86          1162.78        
22       266.490866           188.06          1125.74        
23       268.332088           550.27          1118.02        
24       272.439254           225.47          1101.16        
25       277.197738           1177.83         1082.26        
26       279.712307           176.77          1072.53        
27       282.761050           119.31          1060.97        
28       304.549331           215.20          985.06         
29       327.684182           -7892.58        915.52         

============================================================
HIGHEST Q MODE:
============================================================
  Mode index: 12
  Frequency: 160.323910 THz
  Q factor: 183956.96
  Wavelength: 1871.21 nm
  Mode volume: 3.490645
  Purcell Factor:  1.5184385318548687e-17
