PHOTONIC CRYSTAL CAVITY MODE ANALYSIS
============================================================

Simulation Parameters:
  Width: 500 nm
  Length: 337 nm
  Number of defect holes: 8
  Number of mirrors: 17
  Resolution: 128

============================================================
DETECTED MODES:
============================================================
Mode     Frequency (THz)      Q Factor        Wavelength (nm)
------------------------------------------------------------
1        79.336074            -53.62          3781.38        
2        87.241146            -2519.88        3438.74        
3        94.887370            541.45          3161.64        
4        101.486256           740.26          2956.07        
5        107.617806           -2780.52        2787.64        
6        113.439497           -2816.59        2644.58        
7        119.101594           -182379.05      2518.86        
8        124.643866           -10897.53       2406.86        
9        130.116568           12897.22        2305.62        
10       135.485098           -17823.45       2214.27        
11       140.722182           -2631.11        2131.86        
12       145.849699           37332.49        2056.91        
13       150.758817           -72447.06       1989.93        
14       155.372473           -106657.60      1930.84        
15       159.575012           -38121.60       1879.99        
16       163.168108           -269938.19      1838.59        
17       166.138579           -100667.43      1805.72        
18       169.059076           -15271.31       1774.53        
19       171.719015           1575.50         1747.04        
20       173.610243           -649.98         1728.01        
21       216.753283           79.69           1384.06        
22       225.383247           54.54           1331.07        
23       236.245131           414.59          1269.87        
24       247.792649           394.05          1210.69        
25       254.020747           -3268.87        1181.01        
26       263.626854           114.11          1137.97        
27       267.401187           11522.77        1121.91        
28       268.727980           933.37          1116.37        
29       270.493157           733.48          1109.09        
30       272.032623           -1756.74        1102.81        
31       274.629704           368.68          1092.38        
32       277.742158           288.04          1080.14        
33       281.161710           393.71          1067.00        
34       285.516127           80.81           1050.73        
35       308.852374           201.32          971.34         
36       325.951677           1826.87         920.38         

============================================================
HIGHEST Q MODE:
============================================================
  Mode index: 12
  Frequency: 145.849699 THz
  Q factor: 37332.49
  Wavelength: 2056.91 nm
  Mode volume: 1.263124
  Purcell Factor:  1.1311123209785191e-17
