PHOTONIC CRYSTAL CAVITY MODE ANALYSIS
============================================================

Simulation Parameters:
  Width: 500 nm
  Length: 337 nm
  Number of defect holes: 9
  Number of mirrors: 17
  Resolution: 128

============================================================
DETECTED MODES:
============================================================
Mode     Frequency (THz)      Q Factor        Wavelength (nm)
------------------------------------------------------------
1        77.130355            -475.71         3889.52        
2        85.248836            239.59          3519.11        
3        92.900979            2185.28         3229.24        
4        99.338542            1338.86         3019.98        
5        105.350584           2043.16         2847.63        
6        111.030107           10721.79        2701.97        
7        116.535232           -8469.77        2574.33        
8        121.917297           -5855.13        2460.68        
9        127.209641           14877.37        2358.31        
10       132.415108           -244839.20      2265.60        
11       137.534649           37129.41        2181.27        
12       142.533382           280425.31       2104.77        
13       147.378728           37177.54        2035.57        
14       152.047264           -1835.75        1973.07        
15       156.362092           -136538.57      1918.62        
16       160.285929           61315.37        1871.66        
17       163.603766           -136740.70      1833.70        
18       166.383058           -225758.98      1803.07        
19       169.203843           16094.62        1773.01        
20       171.746049           873.07          1746.77        
21       174.347181           73.49           1720.70        
22       209.777913           348.04          1430.08        
23       227.127204           310.36          1320.85        
24       244.160876           1681.97         1228.70        
25       246.218260           386.35          1218.43        
26       259.744158           156.83          1154.98        
27       262.504980           267.23          1142.84        
28       267.914733           2736.95         1119.76        
29       268.575288           305.40          1117.01        
30       270.530879           267.09          1108.93        
31       272.816018           187.10          1099.64        
32       275.724813           362.89          1088.04        
33       277.923902           -796.65         1079.43        
34       280.628806           246.75          1069.03        
35       285.178716           72.93           1051.97        
36       314.111675           219.23          955.07         

============================================================
HIGHEST Q MODE:
============================================================
  Mode index: 12
  Frequency: 142.533382 THz
  Q factor: 280425.31
  Wavelength: 2104.77 nm
  Mode volume: 1.624789
  Purcell Factor:  7.077047112624035e-17
