PHOTONIC CRYSTAL CAVITY MODE ANALYSIS
============================================================

Simulation Parameters:
  Width: 500 nm
  Length: 337 nm
  Number of defect holes: 12
  Number of mirrors: 12
  Resolution: 128

============================================================
DETECTED MODES:
============================================================
Mode     Frequency (THz)      Q Factor        Wavelength (nm)
------------------------------------------------------------
1        80.390432            268.25          3731.79        
2        88.867313            -1072.37        3375.82        
3        96.264376            1977.90         3116.42        
4        102.868041           3376.59         2916.36        
5        109.063106           -8572.14        2750.70        
6        115.007672           -6267.24        2608.52        
7        120.826891           -7212.11        2482.89        
8        126.544877           -10592.04       2370.70        
9        132.176337           -34608.33       2269.70        
10       137.693198           509701.86       2178.76        
11       143.074851           30625.63        2096.80        
12       148.257949           -396208.95      2023.50        
13       153.179353           55371.06        1958.49        
14       157.727845           -952.88         1902.01        
15       161.654424           415558.98       1855.81        
16       164.723241           206080.45       1821.24        
17       167.553795           113429.62       1790.47        
18       170.658186           91.94           1757.90        
19       170.664834           -119724.14      1757.83        
20       189.704266           107.56          1581.41        
21       208.675919           208.70          1437.64        
22       227.487599           372.38          1318.75        
23       241.841339           1386.75         1240.48        
24       245.919575           -15779.65       1219.91        
25       255.388280           164.06          1174.68        
26       262.847510           238.14          1141.35        
27       265.948937           347.50          1128.04        
28       267.531431           680.77          1121.36        
29       269.760902           457.01          1112.10        
30       272.663836           264.01          1100.26        
31       276.270219           184.81          1085.89        
32       279.831499           -2448.61        1072.07        
33       280.529882           61.43           1069.40        
34       282.867204           961.13          1060.57        
35       304.146731           120.21          986.37         
36       320.963085           -1153.83        934.69         

============================================================
HIGHEST Q MODE:
============================================================
  Mode index: 10
  Frequency: 137.693198 THz
  Q factor: 509701.86
  Wavelength: 2178.76 nm
  Mode volume: 3.706870
  Purcell Factor:  6.253928574673134e-17
