PHOTONIC CRYSTAL CAVITY MODE ANALYSIS
============================================================

Simulation Parameters:
  Width: 500 nm
  Length: 337 nm
  Number of defect holes: 11
  Number of mirrors: 9
  Resolution: 128

============================================================
DETECTED MODES:
============================================================
Mode     Frequency (THz)      Q Factor        Wavelength (nm)
------------------------------------------------------------
1        78.060270            5442.60         3843.18        
2        88.877806            -5670.62        3375.42        
3        97.602130            1300.06         3073.70        
4        105.392159           4127.34         2846.51        
5        112.663355           7357.06         2662.80        
6        119.687527           6332.81         2506.53        
7        126.572184           52194.28        2370.19        
8        133.329357           -12416.66       2250.07        
9        139.928381           35116.69        2143.95        
10       146.277938           -42974.93       2050.89        
11       152.289496           -72232.02       1969.93        
12       157.757386           -103007.30      1901.65        
13       162.319602           -211424.69      1848.21        
14       165.730751           60551.59        1810.16        
15       169.251304           -8464.15        1772.51        
16       172.315632           7194.33         1740.99        
17       205.484831           135.36          1459.96        
18       228.436053           466.82          1313.28        
19       243.085796           1106.85         1234.13        
20       250.339365           -1808.33        1198.37        
21       257.617457           144.27          1164.52        
22       266.005729           167.81          1127.80        
23       267.798154           3234.35         1120.25        
24       270.703882           1078.47         1108.22        
25       273.240336           -621.46         1097.93        
26       276.423170           189.95          1085.29        
27       280.863993           196.30          1068.13        
28       319.315220           5344.44         939.51         

============================================================
HIGHEST Q MODE:
============================================================
  Mode index: 14
  Frequency: 165.730751 THz
  Q factor: 60551.59
  Wavelength: 1810.16 nm
  Mode volume: 2.891351
  Purcell Factor:  5.462568644061254e-18
