PHOTONIC CRYSTAL CAVITY MODE ANALYSIS
============================================================

Simulation Parameters:
  Width: 500 nm
  Length: 337 nm
  Number of defect holes: 16
  Number of mirrors: 4
  Resolution: 128

============================================================
DETECTED MODES:
============================================================
Mode     Frequency (THz)      Q Factor        Wavelength (nm)
------------------------------------------------------------
1        80.626551            309.21          3720.86        
2        88.274305            -1386.52        3398.50        
3        96.770460            2164.71         3100.12        
4        104.360399           -34063.73       2874.65        
5        111.526667           -13150.20       2689.94        
6        118.496219           -7120.56        2531.73        
7        125.328122           62948.15        2393.72        
8        132.047820           125229.90       2271.90        
9        138.620087           210479.55       2164.19        
10       144.959999           -463297.50      2069.54        
11       150.970635           52575.60        1987.14        
12       156.483811           -368189.00      1917.13        
13       161.184326           144781.30       1861.22        
14       164.601148           2080.72         1822.59        
15       167.685710           -11406.13       1789.06        
16       172.354718           350.41          1740.60        
17       183.618919           60.87           1633.82        
18       205.672349           128.71          1458.63        
19       228.263542           937.64          1314.27        
20       238.252000           4406.00         1259.17        
21       248.799636           373.09          1205.79        
22       251.170439           3244.37         1194.41        
23       258.995046           160.62          1158.32        
24       264.893636           203.23          1132.53        
25       267.807622           611.75          1120.21        
26       270.872027           579.90          1107.53        
27       274.202137           338.67          1094.08        
28       276.515386           56.54           1084.93        
29       281.591471           328.10          1065.37        
30       317.571381           8992.74         944.67         

============================================================
HIGHEST Q MODE:
============================================================
  Mode index: 9
  Frequency: 138.620087 THz
  Q factor: 210479.55
  Wavelength: 2164.19 nm
  Mode volume: 3.974709
  Purcell Factor:  2.3605197392458422e-17
