PHOTONIC CRYSTAL CAVITY MODE ANALYSIS
============================================================

Simulation Parameters:
  Width: 500 nm
  Length: 337 nm
  Number of defect holes: 16
  Number of mirrors: 14
  Resolution: 128

============================================================
DETECTED MODES:
============================================================
Mode     Frequency (THz)      Q Factor        Wavelength (nm)
------------------------------------------------------------
1        85.171632            702.46          3522.30        
2        91.729543            -2390.75        3270.48        
3        97.330428            18030.63        3082.28        
4        102.519027           2522.13         2926.29        
5        107.487466           -6712.11        2791.02        
6        112.263520           -30036.46       2672.28        
7        116.940741           66396.22        2565.40        
8        121.554329           14676.58        2468.03        
9        126.102705           66562.16        2379.01        
10       130.597350           -31255.68       2297.14        
11       135.019933           -26195.25       2221.89        
12       139.374813           -55438.12       2152.47        
13       143.622985           1822278.38      2088.80        
14       147.752946           -2859102.73     2030.42        
15       151.711112           36562.01        1977.44        
16       155.461620           -216248.39      1929.74        
17       158.922132           82691.36        1887.72        
18       161.953725           149848.68       1852.38        
19       164.380252           -214145.68      1825.04        
20       166.602137           -29638.59       1800.70        
21       169.069901           2029.16         1774.41        
22       180.161757           54.31           1665.17        
23       196.737481           106.56          1524.87        
24       211.536504           197.76          1418.19        
25       226.499850           319.25          1324.50        
26       238.230577           4191.84         1259.28        
27       241.217505           1942.11         1243.69        
28       250.053163           284.53          1199.74        
29       255.351676           887.90          1174.85        
30       259.215022           145.93          1157.34        
31       265.114272           190.15          1131.59        
32       268.691683           -1743.34        1116.52        
33       270.855207           -444.83         1107.60        
34       271.892856           679.27          1103.38        
35       274.497089           168.80          1092.91        
36       277.104399           63.30           1082.62        
37       278.677059           172.10          1076.51        
38       285.780609           131.04          1049.76        
39       301.960342           214.10          993.51         
40       315.893581           -953.39         949.69         
41       327.934877           -70.04          914.82         

============================================================
HIGHEST Q MODE:
============================================================
  Mode index: 13
  Frequency: 143.622985 THz
  Q factor: 1822278.38
  Wavelength: 2088.80 nm
  Mode volume: 4.107443
  Purcell Factor:  1.7780862971154327e-16
