PHOTONIC CRYSTAL CAVITY MODE ANALYSIS
============================================================

Simulation Parameters:
  Width: 500 nm
  Length: 337 nm
  Number of defect holes: 11
  Number of mirrors: 6
  Resolution: 128

============================================================
DETECTED MODES:
============================================================
Mode     Frequency (THz)      Q Factor        Wavelength (nm)
------------------------------------------------------------
1        72.515969            -68.12          4137.02        
2        85.955701            2191.84         3490.17        
3        96.547464            10789.08        3107.28        
4        105.618925           13838.01        2840.40        
5        114.123616           78781.33        2628.73        
6        122.341568           -10935.84       2452.15        
7        130.385019           168140.29       2300.88        
8        138.221118           -69050.33       2170.44        
9        145.748329           -80721.01       2058.34        
10       152.804869           -495520.01      1963.29        
11       159.038078           483955.47       1886.34        
12       163.773866           31259.80        1831.79        
13       167.494205           1270376.42      1791.11        
14       171.889196           12208.86        1745.31        
15       189.208146           59.13           1585.56        
16       216.074393           241.98          1388.41        
17       242.113609           -2514.90        1239.09        
18       243.454287           774.46          1232.26        
19       256.996509           166.29          1167.33        
20       264.899353           164.52          1132.51        
21       267.913531           958.86          1119.76        
22       269.875844           7218.39         1111.62        
23       274.796037           132.56          1091.72        
24       280.037265           84.83           1071.29        
25       283.406028           181.80          1058.55        
26       322.744997           -1407.12        929.53         

============================================================
HIGHEST Q MODE:
============================================================
  Mode index: 13
  Frequency: 167.494205 THz
  Q factor: 1270376.42
  Wavelength: 1791.11 nm
  Mode volume: 1.519404
  Purcell Factor:  2.1127171944572766e-16
