PHOTONIC CRYSTAL CAVITY MODE ANALYSIS
============================================================

Simulation Parameters:
  Width: 500 nm
  Length: 337 nm
  Number of defect holes: 10
  Number of mirrors: 17
  Resolution: 128

============================================================
DETECTED MODES:
============================================================
Mode     Frequency (THz)      Q Factor        Wavelength (nm)
------------------------------------------------------------
1        74.817674            -88.81          4009.75        
2        83.279534            132.07          3602.33        
3        90.927614            -1902.76        3299.33        
4        97.384458            9119.63         3080.57        
5        103.266186           -5056.93        2905.11        
6        108.830339           37894.22        2756.58        
7        114.177346           -8665.65        2627.49        
8        119.375678           -11453.23       2513.07        
9        124.507619           -7010.15        2409.49        
10       129.551990           -41988.69       2315.67        
11       134.531857           -94299.41       2229.96        
12       139.428167           -6996.86        2151.65        
13       144.161996           89209.22        2080.99        
14       148.764569           168244.72       2016.61        
15       153.146242           646772.21       1958.91        
16       157.120545           -840.53         1909.36        
17       160.920920           -175976.93      1864.27        
18       163.980579           -87080.98       1829.48        
19       166.552446           -1040.11        1801.23        
20       169.315782           -7249.82        1771.84        
21       172.059382           2744.24         1743.58        
22       173.807129           166.12          1726.05        
23       218.757900           182.44          1371.38        
24       235.308824           459.92          1274.92        
25       244.456035           701.23          1227.21        
26       251.529511           -8072.56        1192.70        
27       259.208224           123.29          1157.37        
28       266.527417           338.00          1125.59        
29       268.315830           3382.27         1118.09        
30       269.964142           598.25          1111.26        
31       272.396948           423.87          1101.33        
32       275.383204           349.70          1089.39        
33       278.648057           407.59          1076.63        
34       282.876175           238.03          1060.53        
35       283.936347           341.27          1056.57        
36       302.100659           -695.06         993.05         
37       319.042334           707.90          940.31         

============================================================
HIGHEST Q MODE:
============================================================
  Mode index: 15
  Frequency: 153.146242 THz
  Q factor: 646772.21
  Wavelength: 1958.91 nm
  Mode volume: 2.007758
  Purcell Factor:  1.064884560383796e-16
