PHOTONIC CRYSTAL CAVITY MODE ANALYSIS
============================================================

Simulation Parameters:
  Width: 500 nm
  Length: 337 nm
  Number of defect holes: 11
  Number of mirrors: 11
  Resolution: 128

============================================================
DETECTED MODES:
============================================================
Mode     Frequency (THz)      Q Factor        Wavelength (nm)
------------------------------------------------------------
1        73.911111            -84.93          4058.93        
2        84.287473            279.42          3559.25        
3        93.178023            4298.18         3219.64        
4        100.618944           23996.05        2981.55        
5        107.494155           8546.64         2790.85        
6        114.039496           -39876.09       2630.67        
7        120.420359           -75043.53       2491.27        
8        126.674082           -42912.73       2368.28        
9        132.813941           -56608.08       2258.80        
10       138.829277           131482.22       2160.93        
11       144.657922           113927.64       2073.86        
12       150.237639           71187.17        1996.84        
13       155.439167           -240340.91      1930.02        
14       160.081890           -213591.23      1874.04        
15       163.784196           2248936.28      1831.68        
16       166.823651           302086.65       1798.31        
17       170.153146           -5232.16        1763.12        
18       173.020165           -244.07         1733.90        
19       187.102404           50.74           1603.40        
20       207.360230           196.36          1446.76        
21       227.884684           352.72          1316.46        
22       243.063382           1042.58         1234.25        
23       248.013515           -2675.92        1209.61        
24       257.277694           145.08          1166.06        
25       265.175647           164.76          1131.33        
26       267.894814           -781.24         1119.84        
27       268.698434           -640.16         1116.49        
28       271.117950           305.32          1106.53        
29       274.940461           211.45          1091.15        
30       279.245007           146.69          1074.33        
31       282.336017           66.49           1062.56        
32       310.555827           138.41          966.01         
33       328.114815           2236.33         914.31         

============================================================
HIGHEST Q MODE:
============================================================
  Mode index: 15
  Frequency: 163.784196 THz
  Q factor: 2248936.28
  Wavelength: 1831.68 nm
  Mode volume: 3.119281
  Purcell Factor:  1.9484450956063187e-16
