PHOTONIC CRYSTAL CAVITY MODE ANALYSIS
============================================================

Simulation Parameters:
  Width: 500 nm
  Length: 337 nm
  Number of defect holes: 14
  Number of mirrors: 14
  Resolution: 128

============================================================
DETECTED MODES:
============================================================
Mode     Frequency (THz)      Q Factor        Wavelength (nm)
------------------------------------------------------------
1        62.245910            344.69          4819.59        
2        72.655345            -59.63          4129.08        
3        81.486529            -1219.82        3681.59        
4        88.703976            -401.22         3382.04        
5        95.168077            1002.58         3152.32        
6        100.909745           1330.55         2972.95        
7        106.266855           -7490.30        2823.08        
8        111.472999           -5623.50        2691.23        
9        116.498051           -24203.86       2575.15        
10       121.474498           -14163.15       2469.65        
11       126.339596           -38378.57       2374.55        
12       131.163803           67840.71        2287.22        
13       135.909148           71753.36        2207.36        
14       140.559963           -18524.55       2134.32        
15       145.082435           -31203.42       2067.79        
16       149.457848           -46831.55       2007.25        
17       153.616315           -52177.93       1952.92        
18       157.497873           -893392.08      1904.79        
19       160.956560           -83332.25       1863.86        
20       163.790054           -152740.77      1831.61        
21       166.182325           -38221.98       1805.25        
22       168.797478           1933.89         1777.28        
23       170.918300           -3385.82        1755.22        
24       194.673208           68.80           1541.04        
25       211.065087           208.56          1421.36        
26       226.901194           397.08          1322.16        
27       239.856161           2490.36         1250.75        
28       242.605147           1718.08         1236.58        
29       252.319689           205.90          1188.97        
30       257.811816           10605.77        1163.64        
31       262.014594           147.31          1144.97        
32       267.044596           288.95          1123.41        
33       267.748682           375.77          1120.45        
34       269.552874           381.37          1112.95        
35       272.191918           10454.11        1102.16        
36       274.495994           -4919.23        1092.91        
37       276.577123           235.82          1084.69        
38       277.043091           54.72           1082.86        
39       278.560672           122.32          1076.96        
40       280.223901           1175.28         1070.57        
41       290.504114           84.93           1032.69        
42       307.616299           279.69          975.24         
43       321.581513           8220.06         932.89         

============================================================
HIGHEST Q MODE:
============================================================
  Mode index: 13
  Frequency: 135.909148 THz
  Q factor: 71753.36
  Wavelength: 2207.36 nm
  Mode volume: 2.241805
  Purcell Factor:  1.513839891428199e-17
