PHOTONIC CRYSTAL CAVITY MODE ANALYSIS
============================================================

Simulation Parameters:
  Width: 500 nm
  Length: 337 nm
  Number of defect holes: 10
  Number of mirrors: 10
  Resolution: 64

============================================================
DETECTED MODES:
============================================================
Mode     Frequency (THz)      Q Factor        Wavelength (nm)
------------------------------------------------------------
1        79.485918            70.38           3774.25        
2        89.284788            -5109.84        3360.03        
3        98.016178            1802.92         3060.72        
4        105.777519           -152363.03      2836.14        
5        113.073493           21200.87        2653.14        
6        120.143130           -17510.96       2497.02        
7        127.053593           -14426.69       2361.21        
8        133.836675           73081.81        2241.54        
9        140.425295           -1986399.76     2136.37        
10       146.790025           59569.33        2043.74        
11       152.798472           -232451.74      1963.37        
12       158.243415           115512.32       1895.81        
13       162.755005           228385.19       1843.26        
14       166.224267           -181834.37      1804.79        
15       169.824061           11173.93        1766.53        
16       173.202827           -1127.49        1732.07        
17       191.779570           -102.94         1564.30        
18       206.601563           194.44          1452.07        
19       228.420681           276.83          1313.37        
20       244.890450           739.88          1225.04        
21       250.704913           -11117.86       1196.63        
22       260.151300           125.05          1153.18        
23       267.882126           204.36          1119.90        
24       268.881386           832.89          1115.73        
25       271.916531           6863.48         1103.28        
26       274.227430           -9063.93        1093.98        
27       278.860872           271.18          1075.81        
28       282.193797           85.66           1063.10        
29       284.754649           823.02          1053.54        
30       310.155192           -240.53         967.26         
31       319.463354           315.27          939.07         

============================================================
HIGHEST Q MODE:
============================================================
  Mode index: 13
  Frequency: 162.755005 THz
  Q factor: 228385.19
  Wavelength: 1843.26 nm
  Mode volume: 2.003425
