PHOTONIC CRYSTAL CAVITY MODE ANALYSIS
============================================================

Simulation Parameters:
  Width: 500 nm
  Length: 337 nm
  Number of defect holes: 10
  Number of mirrors: 9
  Resolution: 128

============================================================
DETECTED MODES:
============================================================
Mode     Frequency (THz)      Q Factor        Wavelength (nm)
------------------------------------------------------------
1        91.790297            -2537.56        3268.32        
2        100.643878           2129.85         2980.81        
3        108.678155           72205.36        2760.44        
4        116.265749           87584.31        2580.30        
5        123.648904           76161.12        2426.22        
6        130.854214           155359.07       2292.63        
7        137.912084           112457.97       2175.30        
8        144.718601           9010537.20      2072.99        
9        151.195148           -1103133.35     1984.19        
10       157.127858           -404524.42      1909.27        
11       162.146607           590164.60       1850.18        
12       165.889849           -138968.44      1808.43        
13       169.590744           14767.02        1768.96        
14       173.213233           -1230.85        1731.97        
15       192.729704           124.33          1556.58        
16       216.849790           202.43          1383.45        
17       240.449275           2417.13         1247.66        
18       245.552968           528.27          1221.73        
19       259.128019           128.73          1157.73        
20       264.055260           82620.11        1136.13        
21       268.625787           944.34          1116.80        
22       270.375441           182.28          1109.57        
23       274.153453           296.37          1094.28        
24       277.853951           110.83          1079.70        
25       280.703460           114.94          1068.74        
26       284.123424           -2293.65        1055.88        
27       286.704294           -246.91         1046.37        
28       312.793998           211.74          959.10         

============================================================
HIGHEST Q MODE:
============================================================
  Mode index: 8
  Frequency: 144.718601 THz
  Q factor: 9010537.20
  Wavelength: 2072.99 nm
  Mode volume: 1.085721
