PHOTONIC CRYSTAL CAVITY MODE ANALYSIS
============================================================

Simulation Parameters:
  Width: 500 nm
  Length: 337 nm
  Number of defect holes: 12
  Number of mirrors: 15
  Resolution: 128

============================================================
DETECTED MODES:
============================================================
Mode     Frequency (THz)      Q Factor        Wavelength (nm)
------------------------------------------------------------
1        74.724376            -102.06         4014.75        
2        83.100166            318.09          3610.10        
3        90.686089            -2539.38        3308.11        
4        97.120900            4159.08         3088.93        
5        102.980283           -4468.95        2913.18        
6        108.514800           12417.66        2764.60        
7        113.832967           -12886.50       2635.44        
8        118.989284           2846.71         2521.24        
9        124.141405           -11751.94       2416.60        
10       129.176269           -23143.76       2322.41        
11       134.147759           40499.99        2236.34        
12       139.012488           201533.22       2158.08        
13       143.774126           78631.89        2086.61        
14       148.366863           144159.54       2022.01        
15       152.759150           239028.66       1963.88        
16       156.860883           58858.54        1912.52        
17       160.555929           -272667.53      1868.51        
18       163.611200           -95046.29       1833.62        
19       166.165760           -44962.48       1805.43        
20       169.231442           -129.98         1772.72        
21       171.491331           580.26          1749.36        
22       186.177093           386.43          1611.37        
23       202.515284           117.91          1481.37        
24       218.565412           169.61          1372.59        
25       235.241564           613.50          1275.28        
26       241.903093           1179.40         1240.17        
27       251.205695           5168.77         1194.24        
28       255.781101           149.43          1172.88        
29       264.139398           137.14          1135.76        
30       267.579607           -657.99         1121.16        
31       269.468506           950.61          1113.30        
32       271.582861           233.95          1104.64        
33       274.580194           207.84          1092.58        
34       278.013908           200.29          1079.08        
35       280.496665           50.05           1069.53        
36       283.372862           850.95          1058.68        
37       302.362349           112.29          992.19         
38       318.595718           -1561.58        941.63         

============================================================
HIGHEST Q MODE:
============================================================
  Mode index: 15
  Frequency: 152.759150 THz
  Q factor: 239028.66
  Wavelength: 1963.88 nm
  Mode volume: 2.745455
  Purcell Factor:  2.899982979226977e-17
