PHOTONIC CRYSTAL CAVITY MODE ANALYSIS
============================================================

Simulation Parameters:
  Width: 500 nm
  Length: 337 nm
  Number of defect holes: 10
  Number of mirrors: 18
  Resolution: 128

============================================================
DETECTED MODES:
============================================================
Mode     Frequency (THz)      Q Factor        Wavelength (nm)
------------------------------------------------------------
1        72.746632            -62.73          4123.90        
2        82.368090            -371.68         3642.19        
3        89.166853            -728.25         3364.48        
4        95.642893            739.61          3136.67        
5        101.403481           -545.47         2958.48        
6        106.879762           -7309.77        2806.89        
7        112.114752           -8161.88        2675.83        
8        117.172156           -362984.83      2560.34        
9        122.168111           -13108.79       2455.63        
10       127.057467           -74945.70       2361.14        
11       131.893041           42633.33        2274.57        
12       136.655212           -60085.95       2195.31        
13       141.305050           -22903.78       2123.07        
14       145.840708           -193780.47      2057.04        
15       150.213897           802284.31       1997.15        
16       154.367673           -55864.19       1943.41        
17       158.234957           -3530741.16     1895.91        
18       161.657948           -145328.35      1855.77        
19       164.501767           -219717.70      1823.69        
20       167.037785           -34810.40       1796.00        
21       169.697023           -6152.44        1767.86        
22       171.974670           4174.36         1744.44        
23       173.489814           50.37           1729.21        
24       192.465602           219.33          1558.72        
25       210.561510           145.83          1424.76        
26       226.895655           248.38          1322.19        
27       237.663258           -78.07          1262.29        
28       242.673749           1151.89         1236.23        
29       244.601643           539.68          1226.48        
30       257.380920           238.00          1165.59        
31       259.966393           208.38          1154.00        
32       267.206548           -182.06         1122.73        
33       268.130599           148.79          1118.86        
34       269.080768           333.90          1114.91        
35       271.462925           661.15          1105.12        
36       273.661808           -2710.47        1096.24        
37       275.380123           625.70          1089.40        
38       278.374615           179.95          1077.68        
39       281.662324           176.15          1065.11        
40       282.918203           68.49           1060.38        
41       306.315901           174.71          979.38         
42       322.886515           -1556.16        929.12         

============================================================
HIGHEST Q MODE:
============================================================
  Mode index: 15
  Frequency: 150.213897 THz
  Q factor: 802284.31
  Wavelength: 1997.15 nm
  Mode volume: 3.241959
  Purcell Factor:  8.669059750019946e-17
