PHOTONIC CRYSTAL CAVITY MODE ANALYSIS
============================================================

Simulation Parameters:
  Width: 500 nm
  Length: 337 nm
  Number of defect holes: 12
  Number of mirrors: 9
  Resolution: 128

============================================================
DETECTED MODES:
============================================================
Mode     Frequency (THz)      Q Factor        Wavelength (nm)
------------------------------------------------------------
1        76.398180            -317.27         3926.80        
2        86.436027            -606.58         3470.77        
3        95.190159            2890.49         3151.59        
4        102.711409           -22983.02       2920.81        
5        109.767763           -38482.25       2733.04        
6        116.518572           -51829.32       2574.70        
7        123.129958           -19663.34       2436.45        
8        129.616169           -34793.95       2314.53        
9        135.982014           -191726.63      2206.17        
10       142.171809           -468264.07      2110.12        
11       148.117343           133171.72       2025.42        
12       153.714224           282396.28       1951.67        
13       158.756316           1107220.56      1889.69        
14       162.884674           -38818.94       1841.79        
15       166.027722           -806905.31      1806.93        
16       169.422324           19860.34        1770.72        
17       172.798933           -276.20         1736.12        
18       174.588127           77.07           1718.33        
19       195.585289           78.37           1533.86        
20       217.430861           214.42          1379.75        
21       238.676152           2707.36         1256.93        
22       241.953434           935.33          1239.91        
23       254.709893           163.38          1177.81        
24       259.756907           -6211.54        1154.93        
25       265.664446           162.81          1129.24        
26       267.836442           1122.91         1120.09        
27       270.458606           260.72          1109.23        
28       274.444153           285.92          1093.12        
29       278.664552           976.54          1076.56        
30       280.532591           115.29          1069.39        
31       282.295304           206.32          1062.72        
32       303.617191           68.41           988.09         
33       308.657089           70.09           971.95         
34       323.709153           -1668.09        926.76         

============================================================
HIGHEST Q MODE:
============================================================
  Mode index: 13
  Frequency: 158.756316 THz
  Q factor: 1107220.56
  Wavelength: 1889.69 nm
  Mode volume: 2.128536
  Purcell Factor:  1.5436242801874688e-16
