PHOTONIC CRYSTAL CAVITY MODE ANALYSIS
============================================================

Simulation Parameters:
  Width: 500 nm
  Length: 337 nm
  Number of defect holes: 15
  Number of mirrors: 4
  Resolution: 128

============================================================
DETECTED MODES:
============================================================
Mode     Frequency (THz)      Q Factor        Wavelength (nm)
------------------------------------------------------------
1        79.825314            53.67           3758.21        
2        90.743202            60982.55        3306.03        
3        99.334630            2017.01         3020.09        
4        107.141101           -9652.54        2800.05        
5        114.593454           -125140.27      2617.95        
6        121.870387           -478435.97      2461.63        
7        129.021069           -52551.86       2325.20        
8        136.027521           -25065.43       2205.44        
9        142.816457           -170953.04      2100.60        
10       149.276314           108082.79       2009.70        
11       155.248547           76288.25        1932.39        
12       160.420187           -88333.06       1870.09        
13       164.187967           109730.79       1827.17        
14       167.161269           -51.47          1794.67        
15       167.419978           44674.23        1791.90        
16       171.845261           741.39          1745.76        
17       199.172060           -194.70         1506.24        
18       216.779107           303.99          1383.90        
19       238.954555           4999.38         1255.47        
20       240.136614           -563.26         1249.29        
21       251.289607           298.27          1193.84        
22       258.636427           153.72          1159.93        
23       263.578231           -2041.27        1138.18        
24       267.250114           314.93          1122.54        
25       269.688105           167.56          1112.40        
26       275.157273           117.55          1090.29        
27       312.839465           645.77          958.96         
28       323.243902           127.92          928.09         

============================================================
HIGHEST Q MODE:
============================================================
  Mode index: 13
  Frequency: 164.187967 THz
  Q factor: 109730.79
  Wavelength: 1827.17 nm
  Mode volume: 1.694799
  Purcell Factor:  1.7368719501895307e-17
