PHOTONIC CRYSTAL CAVITY MODE ANALYSIS
============================================================

Simulation Parameters:
  Width: 500 nm
  Length: 337 nm
  Number of defect holes: 10
  Number of mirrors: 7
  Resolution: 128

============================================================
DETECTED MODES:
============================================================
Mode     Frequency (THz)      Q Factor        Wavelength (nm)
------------------------------------------------------------
1        72.570260            -67.17          4133.92        
2        86.104412            -24408.69       3484.14        
3        96.742416            1941.70         3101.02        
4        105.875005           12104.43        2833.53        
5        114.391834           10509.97        2622.56        
6        122.634262           28266.04        2446.30        
7        130.681718           -140486.83      2295.65        
8        138.527491           135060.73       2165.64        
9        146.066296           118160.81       2053.86        
10       153.105238           435945.24       1959.44        
11       159.328127           -941982.99      1882.91        
12       164.037965           -27305782.32    1828.84        
13       167.859069           55757.87        1787.21        
14       172.205933           3201.00         1742.10        
15       189.299769           117.06          1584.79        
16       216.075810           189.49          1388.40        
17       242.336388           -2778.72        1237.95        
18       244.678784           494.44          1226.10        
19       258.736419           143.19          1159.48        
20       266.236303           250.61          1126.82        
21       268.214935           -2261.79        1118.51        
22       270.507211           532.34          1109.03        
23       275.487129           165.76          1088.98        
24       281.151845           68.84           1067.04        
25       283.038079           110.36          1059.93        
26       299.670818           56.24           1001.10        
27       323.038720           3280.81         928.68         

============================================================
HIGHEST Q MODE:
============================================================
  Mode index: 10
  Frequency: 153.105238 THz
  Q factor: 435945.24
  Wavelength: 1959.44 nm
  Mode volume: 4.130294
  Purcell Factor:  3.491904777915378e-17
