PHOTONIC CRYSTAL CAVITY MODE ANALYSIS
============================================================

Simulation Parameters:
  Width: 500 nm
  Length: 337 nm
  Number of defect holes: 11
  Number of mirrors: 8
  Resolution: 128

============================================================
DETECTED MODES:
============================================================
Mode     Frequency (THz)      Q Factor        Wavelength (nm)
------------------------------------------------------------
1        80.749066            88.19           3715.21        
2        91.339168            3950.26         3284.46        
3        100.098492           5240.59         2997.05        
4        108.032312           -9113.73        2776.95        
5        115.574631           13635.30        2595.73        
6        122.900520           29746.99        2441.00        
7        130.093273           -580293.36      2306.04        
8        137.120057           36812.79        2187.86        
9        143.921566           -86075.85       2084.47        
10       150.393704           241442.18       1994.76        
11       156.332713           -133040.66      1918.98        
12       161.405356           -181321.90      1858.67        
13       165.137815           -59505.01       1816.66        
14       168.699900           -16386.69       1778.31        
15       172.400426           -224.89         1740.13        
16       217.003679           232.58          1382.47        
17       240.337779           97646.66        1248.24        
18       243.231056           673.35          1233.40        
19       256.589820           154.44          1169.18        
20       263.104460           1627.76         1140.23        
21       267.193166           279.77          1122.78        
22       268.228754           138.22          1118.45        
23       272.132986           191.20          1102.40        
24       277.113367           117.42          1082.59        
25       281.597713           78.93           1065.35        
26       313.273379           146.01          957.63         

============================================================
HIGHEST Q MODE:
============================================================
  Mode index: 10
  Frequency: 150.393704 THz
  Q factor: 241442.18
  Wavelength: 1994.76 nm
  Mode volume: 1.482238
  Purcell Factor:  5.685749088075578e-17
