PHOTONIC CRYSTAL CAVITY MODE ANALYSIS
============================================================

Simulation Parameters:
  Width: 500 nm
  Length: 337 nm
  Number of defect holes: 15
  Number of mirrors: 13
  Resolution: 128

============================================================
DETECTED MODES:
============================================================
Mode     Frequency (THz)      Q Factor        Wavelength (nm)
------------------------------------------------------------
1        72.646025            -62.20          4129.61        
2        81.404221            143.68          3685.31        
3        88.660531            -473.06         3383.69        
4        95.014462            600.49          3157.41        
5        100.727908           1759.86         2978.32        
6        106.142934           -74771.10       2826.38        
7        111.323390           18658.15        2694.85        
8        116.341335           58852.27        2578.62        
9        121.287758           10263.94        2473.46        
10       126.167684           -7963.11        2377.79        
11       130.979427           31197.61        2290.44        
12       135.724499           3515332.88      2210.36        
13       140.369162           66525.70        2137.22        
14       144.902584           -148199.17      2070.36        
15       149.267630           197056.11       2009.81        
16       153.375509           -981.08         1955.98        
17       157.310166           62886.11        1907.06        
18       160.782631           -586129.78      1865.87        
19       163.624861           -110888.29      1833.46        
20       165.976075           16918.36        1807.49        
21       168.532916           -10587.88       1780.07        
22       171.379465           -404.12         1750.50        
23       177.566691           132.69          1689.51        
24       195.327934           56.07           1535.88        
25       211.149087           177.34          1420.80        
26       226.884717           317.43          1322.26        
27       239.030429           3208.02         1255.07        
28       242.542273           4779.02         1236.90        
29       251.215221           248.55          1194.20        
30       257.399455           440.26          1165.50        
31       260.856115           172.67          1150.06        
32       266.678809           98.32           1124.95        
33       267.077872           -1213.22        1123.27        
34       269.431518           251.22          1113.46        
35       271.836161           -6877.30        1103.61        
36       273.706313           -231.17         1096.07        
37       275.390375           170.48          1089.36        
38       277.581265           218.91          1080.76        
39       280.732542           728.63          1068.63        
40       293.716974           -3415.69        1021.39        
41       307.742350           304.31          974.84         
42       321.196971           -28934.13       934.01         

============================================================
HIGHEST Q MODE:
============================================================
  Mode index: 12
  Frequency: 135.724499 THz
  Q factor: 3515332.88
  Wavelength: 2210.36 nm
  Mode volume: 1.363712
  Purcell Factor:  1.22419538649965e-15
