PHOTONIC CRYSTAL CAVITY MODE ANALYSIS
============================================================

Simulation Parameters:
  Width: 500 nm
  Length: 337 nm
  Number of defect holes: 9
  Number of mirrors: 13
  Resolution: 128

============================================================
DETECTED MODES:
============================================================
Mode     Frequency (THz)      Q Factor        Wavelength (nm)
------------------------------------------------------------
1        74.016485            -75.64          4053.15        
2        84.446033            307.56          3552.56        
3        93.451386            1880.55         3210.23        
4        100.962338           2189.67         2971.41        
5        107.874053           6765.13         2781.02        
6        114.469771           29176.71        2620.78        
7        120.853333           -14805.75       2482.35        
8        127.131651           -745907.24      2359.76        
9        133.285565           -59719.66       2250.81        
10       139.303453           161053.33       2153.57        
11       145.144822           114937.33       2066.90        
12       150.715517           -272150.66      1990.51        
13       155.917862           141335.48       1924.09        
14       160.522494           167926.08       1868.90        
15       164.232103           411583.83       1826.68        
16       167.385139           186045.53       1792.27        
17       170.686704           127955.96       1757.61        
18       173.408197           -4527.99        1730.02        
19       187.325395           230.89          1601.49        
20       207.517087           121.52          1445.66        
21       227.983073           275.46          1315.89        
22       245.818481           593.08          1220.41        
23       248.413761           384.76          1207.66        
24       260.936014           120.16          1149.71        
25       267.215938           1337.16         1122.69        
26       267.929522           -17701.11       1119.70        
27       269.416816           -21131.34       1113.52        
28       272.166145           180.03          1102.27        
29       275.855851           175.89          1087.52        
30       279.623608           196.93          1072.87        
31       282.667920           111.09          1061.32        
32       310.031474           96.52           967.64         

============================================================
HIGHEST Q MODE:
============================================================
  Mode index: 15
  Frequency: 164.232103 THz
  Q factor: 411583.83
  Wavelength: 1826.68 nm
  Mode volume: 1.414773
  Purcell Factor:  7.797921800781867e-17
