PHOTONIC CRYSTAL CAVITY MODE ANALYSIS
============================================================

Simulation Parameters:
  Width: 500 nm
  Length: 337 nm
  Number of defect holes: 11
  Number of mirrors: 10
  Resolution: 128

============================================================
DETECTED MODES:
============================================================
Mode     Frequency (THz)      Q Factor        Wavelength (nm)
------------------------------------------------------------
1        76.531877            -1212.82        3919.94        
2        86.521659            -8326.86        3467.34        
3        95.336084            892.11          3146.76        
4        102.921031           16737.51        2914.86        
5        109.966126           6360.41         2728.11        
6        116.750926           129737.95       2569.57        
7        123.362770           -25497.81       2431.85        
8        129.863003           101156.11       2310.13        
9        136.224819           122720.12       2202.24        
10       142.426159           -151062.73      2106.35        
11       148.370834           -297325.61      2021.96        
12       153.960840           118392.52       1948.55        
13       158.999772           118304.76       1886.80        
14       163.102597           -4328271.40     1839.33        
15       166.291172           287375.87       1804.06        
16       169.721555           -13037.12       1767.60        
17       172.921721           -460.79         1734.89        
18       195.265236           75.84           1536.37        
19       217.334272           215.30          1380.36        
20       238.741434           1554.86         1256.59        
21       243.187595           750.35          1233.62        
22       256.104251           156.76          1171.40        
23       260.180480           -659.21         1153.05        
24       266.736559           129.96          1124.71        
25       267.656994           894.34          1120.84        
26       270.806240           250.45          1107.80        
27       274.884272           214.07          1091.37        
28       279.177225           5011.46         1074.59        
29       280.573737           129.40          1069.24        
30       282.445177           168.05          1062.15        
31       304.319848           112.91          985.80         
32       324.131452           -1081.21        925.55         

============================================================
HIGHEST Q MODE:
============================================================
  Mode index: 15
  Frequency: 166.291172 THz
  Q factor: 287375.87
  Wavelength: 1804.06 nm
  Mode volume: 2.311384
  Purcell Factor:  3.2103482108228744e-17
