PHOTONIC CRYSTAL CAVITY MODE ANALYSIS
============================================================

Simulation Parameters:
  Width: 500 nm
  Length: 337 nm
  Number of defect holes: 10
  Number of mirrors: 7
  Resolution: 64

============================================================
DETECTED MODES:
============================================================
Mode     Frequency (THz)      Q Factor        Wavelength (nm)
------------------------------------------------------------
1        72.634634            -63.21          4130.26        
2        86.220685            651.25          3479.44        
3        96.924298            2197.67         3095.20        
4        106.071114           -54956.99       2828.29        
5        114.584226           -16427.37       2618.16        
6        122.859426           -18544.78       2441.82        
7        130.898434           108493.01       2291.85        
8        138.768169           1429565.59      2161.88        
9        146.293329           422072.04       2050.67        
10       153.343168           -1641955.58     1956.40        
11       159.542802           -912123.39      1880.37        
12       164.222622           184183.83       1826.79        
13       168.102604           -234693.53      1784.62        
14       172.374831           -2793.98        1740.39        
15       189.255781           88.03           1585.16        
16       216.147470           185.00          1387.94        
17       242.481753           14797.22        1237.21        
18       245.150941           435.02          1223.74        
19       259.474244           137.26          1156.18        
20       266.938704           263.56          1123.85        
21       269.042963           1902.72         1115.06        
22       271.051682           231.41          1106.80        
23       276.314916           115.30          1085.72        
24       283.619556           98.22           1057.75        
25       323.390481           1638.00         927.67         

============================================================
HIGHEST Q MODE:
============================================================
  Mode index: 8
  Frequency: 138.768169 THz
  Q factor: 1429565.59
  Wavelength: 2161.88 nm
  Mode volume: 2.687457
