PHOTONIC CRYSTAL CAVITY MODE ANALYSIS
============================================================

Simulation Parameters:
  Width: 500 nm
  Length: 337 nm
  Number of defect holes: 12
  Number of mirrors: 8
  Resolution: 128

============================================================
DETECTED MODES:
============================================================
Mode     Frequency (THz)      Q Factor        Wavelength (nm)
------------------------------------------------------------
1        78.906549            -118.00         3801.97        
2        88.797957            -1521.95        3378.46        
3        97.452636            1679.01         3078.42        
4        105.161268           11235.71        2852.76        
5        112.427667           16353.63        2668.38        
6        119.441554           17446.66        2511.69        
7        126.323888           -9826.04        2374.85        
8        133.078031           -42390.84       2254.32        
9        139.655927           -63979.98       2148.14        
10       146.019299           116860.78       2054.52        
11       152.024779           -885211.12      1973.36        
12       157.473094           -4359.78        1905.09        
13       162.095232           198018.89       1850.76        
14       165.469032           203964.12       1813.03        
15       168.922059           -74865.33       1775.97        
16       183.429286           69.64           1635.51        
17       205.805008           123.63          1457.69        
18       228.400530           455.56          1313.48        
19       241.873176           1477.53         1240.32        
20       250.140949           -4445.00        1199.32        
21       255.970711           147.88          1172.01        
22       264.583140           134.56          1133.86        
23       267.850767           1367.71         1120.03        
24       270.003809           308.11          1111.10        
25       273.041072           -885.63         1098.74        
26       276.456022           108.03          1085.16        
27       279.799212           75.96           1072.20        
28       282.844924           291.05          1060.65        
29       319.005587           -3008.84        940.42         

============================================================
HIGHEST Q MODE:
============================================================
  Mode index: 14
  Frequency: 165.469032 THz
  Q factor: 203964.12
  Wavelength: 1813.03 nm
  Mode volume: 1.719413
  Purcell Factor:  3.1088867475264413e-17
