PHOTONIC CRYSTAL CAVITY MODE ANALYSIS
============================================================

Simulation Parameters:
  Width: 500 nm
  Length: 337 nm
  Number of defect holes: 8
  Number of mirrors: 13
  Resolution: 128

============================================================
DETECTED MODES:
============================================================
Mode     Frequency (THz)      Q Factor        Wavelength (nm)
------------------------------------------------------------
1        76.731422            -200.78         3909.74        
2        86.921846            -1453.75        3451.38        
3        95.823433            1178.60         3130.76        
4        103.479811           1732.65         2899.12        
5        110.590141           5399.74         2712.72        
6        117.413890           -10837.11       2555.06        
7        124.074984           -231570.48      2417.89        
8        130.583131           406835.10       2297.39        
9        136.977629           51092.84        2190.14        
10       143.180379           -97831.40       2095.26        
11       149.129784           -124513.43      2011.67        
12       154.712520           -218106.17      1939.08        
13       159.705775           135857.39       1878.45        
14       163.790014           -1109951.37     1831.61        
15       167.153841           154739.75       1794.75        
16       170.574258           -4783.11        1758.76        
17       173.269103           -1099.81        1731.41        
18       175.676741           -264.40         1707.68        
19       196.293055           59.68           1528.33        
20       217.512730           167.30          1379.23        
21       238.871931           638.57          1255.90        
22       247.905327           368.23          1210.14        
23       259.391532           1233.17         1156.55        
24       261.418076           158.19          1147.59        
25       264.528998           113.62          1134.09        
26       267.612095           -3186.64        1121.03        
27       269.701283           379.77          1112.34        
28       272.936199           218.58          1099.16        
29       276.423752           294.43          1085.29        
30       279.744823           -756.55         1072.41        
31       282.218444           1078.00         1063.01        
32       285.085982           69.02           1052.31        
33       304.965616           348.57          983.72         
34       325.037278           5936.45         922.97         

============================================================
HIGHEST Q MODE:
============================================================
  Mode index: 8
  Frequency: 130.583131 THz
  Q factor: 406835.10
  Wavelength: 2297.39 nm
  Mode volume: 2.030533
  Purcell Factor:  1.0683870228291186e-16
