PHOTONIC CRYSTAL CAVITY MODE ANALYSIS
============================================================

Simulation Parameters:
  Width: 500 nm
  Length: 337 nm
  Number of defect holes: 6
  Number of mirrors: 15
  Resolution: 128

============================================================
DETECTED MODES:
============================================================
Mode     Frequency (THz)      Q Factor        Wavelength (nm)
------------------------------------------------------------
1        76.761504            -130.58         3908.21        
2        87.120586            677.99          3443.50        
3        96.205187            445.05          3118.33        
4        103.888528           1672.26         2887.71        
5        111.031365           4662.57         2701.94        
6        117.871882           7526.22         2545.14        
7        124.538964           -44731.98       2408.88        
8        131.076834           424365.82       2288.73        
9        137.471663           -50946.05       2182.27        
10       143.689784           28430.31        2087.83        
11       149.636772           41259.61        2004.85        
12       155.204462           55547.21        1932.93        
13       160.224864           -5986.43        1872.37        
14       164.272460           450640.27       1826.23        
15       167.814233           -210949.28      1787.69        
16       171.058246           -173918.00      1753.79        
17       173.332089           -972.16         1730.78        
18       217.468105           220.59          1379.51        
19       238.974839           490.15          1255.36        
20       252.586560           220.31          1187.71        
21       260.083561           -1191.18        1153.48        
22       267.449674           5167.59         1121.71        
23       268.502848           320.16          1117.31        
24       270.554073           269.70          1108.84        
25       273.814820           266.75          1095.63        
26       277.452549           412.44          1081.27        
27       280.079521           1930.24         1071.12        
28       282.851277           585.12          1060.63        
29       288.343289           105.31          1040.43        
30       304.117118           91.73           986.46         
31       324.612008           494.31          924.18         

============================================================
HIGHEST Q MODE:
============================================================
  Mode index: 14
  Frequency: 164.272460 THz
  Q factor: 450640.27
  Wavelength: 1826.23 nm
  Mode volume: 1.248110
  Purcell Factor:  9.670847934363912e-17
