PHOTONIC CRYSTAL CAVITY MODE ANALYSIS
============================================================

Simulation Parameters:
  Width: 500 nm
  Length: 337 nm
  Number of defect holes: 12
  Number of mirrors: 18
  Resolution: 128

============================================================
DETECTED MODES:
============================================================
Mode     Frequency (THz)      Q Factor        Wavelength (nm)
------------------------------------------------------------
1        78.539079            160.34          3819.75        
2        85.480942            949.63          3509.55        
3        92.108682            -9198.18        3257.02        
4        97.806087            2672.65         3067.29        
5        103.065567           5842.29         2910.77        
6        108.058402           -104369.96      2776.28        
7        112.872700           51288.99        2657.86        
8        117.574731           -40930.76       2551.57        
9        122.204299           -38345.11       2454.91        
10       126.764633           -41827.54       2366.59        
11       131.270656           -54218.17       2285.35        
12       135.709933           -143872.84      2210.60        
13       140.066060           105006.87       2141.85        
14       144.329050           66523.33        2078.58        
15       148.453658           182300.13       2020.83        
16       152.418247           82921.30        1968.27        
17       156.159592           162005.79       1921.11        
18       159.599831           273906.26       1879.70        
19       162.595872           -1684.80        1845.07        
20       165.055181           -394547.10      1817.57        
21       167.414593           -410490.38      1791.96        
22       169.893948           -27770.78       1765.81        
23       172.291337           838.30          1741.24        
24       181.036190           70.62           1657.13        
25       196.417537           81.46           1527.36        
26       211.719912           150.60          1416.97        
27       226.568293           291.64          1324.10        
28       241.194782           1554.81         1243.81        
29       242.076190           801.29          1239.28        
30       254.400537           192.11          1179.24        
31       256.827080           704.91          1168.10        
32       264.779052           124.89          1133.02        
33       267.624780           127.83          1120.97        
34       268.391130           2405.18         1117.77        
35       269.851247           1780.27         1111.72        
36       271.197944           -1063.47        1106.20        
37       273.301813           269.21          1097.69        
38       275.915694           199.63          1087.29        
39       278.887532           207.32          1075.70        
40       281.563632           87.57           1065.48        
41       283.789000           1431.11         1057.12        
42       301.458772           155.19          995.16         
43       316.586582           6534.10         947.61         
44       328.217355           960.23          914.03         

============================================================
HIGHEST Q MODE:
============================================================
  Mode index: 18
  Frequency: 159.599831 THz
  Q factor: 273906.26
  Wavelength: 1879.70 nm
  Mode volume: 1.980518
  Purcell Factor:  4.039312809544227e-17
