PHOTONIC CRYSTAL CAVITY MODE ANALYSIS
============================================================

Simulation Parameters:
  Width: 500 nm
  Length: 337 nm
  Number of defect holes: 10
  Number of mirrors: 12
  Resolution: 256

============================================================
DETECTED MODES:
============================================================
Mode     Frequency (THz)      Q Factor        Wavelength (nm)
------------------------------------------------------------
1        74.027474            -84.91          4052.55        
2        84.401692            391.85          3554.43        
3        93.432121            2324.15         3210.89        
4        100.948298           2362.62         2971.82        
5        107.864199           5660.38         2781.28        
6        114.450989           91108.48        2621.21        
7        120.844286           -32029.13       2482.53        
8        127.116879           165134.01       2360.03        
9        133.271062           -33087.61       2251.05        
10       139.289961           -1367597.64     2153.78        
11       145.124554           314902.91       2067.19        
12       150.703809           -117125.83      1990.66        
13       155.901731           283357.32       1924.29        
14       160.521890           256788.57       1868.90        
15       164.212382           237411.33       1826.90        
16       167.317632           75694.05        1793.00        
17       170.667055           18597.57        1757.81        
18       173.391403           -2091.44        1730.19        
19       207.462126           91.24           1446.05        
20       228.027486           283.01          1315.63        
21       235.558175           73.43           1273.57        
22       244.847200           756.54          1225.25        
23       248.124165           -4655.60        1209.07        
24       259.511453           131.86          1156.02        
25       266.807679           351.69          1124.41        
26       269.128981           -652.09         1114.71        
27       269.159107           744.69          1114.58        
28       272.330269           382.41          1101.60        
29       275.827270           185.09          1087.64        
30       279.743725           209.92          1072.41        
31       283.413644           84.87           1058.52        
32       311.386106           185.42          963.43         

============================================================
HIGHEST Q MODE:
============================================================
  Mode index: 11
  Frequency: 145.124554 THz
  Q factor: 314902.91
  Wavelength: 2067.19 nm
  Mode volume: 1.089963
