PHOTONIC CRYSTAL CAVITY MODE ANALYSIS
============================================================

Simulation Parameters:
  Width: 500 nm
  Length: 337 nm
  Number of defect holes: 15
  Number of mirrors: 10
  Resolution: 128

============================================================
DETECTED MODES:
============================================================
Mode     Frequency (THz)      Q Factor        Wavelength (nm)
------------------------------------------------------------
1        78.388190            71.51           3827.11        
2        86.548649            -1328.42        3466.26        
3        93.949252            2078.68         3193.21        
4        100.380582           -150039.23      2988.63        
5        106.392060           8683.37         2819.76        
6        112.144914           -15874.54       2675.11        
7        117.752277           -713.04         2547.72        
8        123.257816           -45718.62       2433.92        
9        128.697893           -25101.36       2331.04        
10       134.039976           -63330.66       2238.14        
11       139.273169           121971.69       2154.04        
12       144.374907           -475008.18      2077.92        
13       149.269557           -2599459.01     2009.79        
14       153.903399           140699.71       1949.27        
15       158.159086           -255657.58      1896.82        
16       161.822704           -110982.91      1853.88        
17       164.634531           -92544.63       1822.22        
18       167.285016           25041.96        1793.35        
19       170.426541           -4050.69        1760.29        
20       180.515559           98.10           1661.91        
21       200.212931           133.90          1498.40        
22       218.231659           246.84          1374.69        
23       236.095639           1180.70         1270.67        
24       239.075625           2196.07         1254.83        
25       250.689762           234.96          1196.70        
26       253.822850           -1372.23        1181.93        
27       260.467651           138.22          1151.77        
28       266.134365           191.80          1127.25        
29       267.676319           1037.09         1120.76        
30       269.771749           493.28          1112.05        
31       271.909603           2512.32         1103.31        
32       274.659620           165.20          1092.26        
33       281.086967           120.32          1067.29        
34       309.331771           270.12          969.83         
35       323.358558           820.59          927.76         

============================================================
HIGHEST Q MODE:
============================================================
  Mode index: 14
  Frequency: 153.903399 THz
  Q factor: 140699.71
  Wavelength: 1949.27 nm
  Mode volume: 1.606247
  Purcell Factor:  2.8531042882243903e-17
