PHOTONIC CRYSTAL CAVITY MODE ANALYSIS
============================================================

Simulation Parameters:
  Width: 500 nm
  Length: 337 nm
  Number of defect holes: 10
  Number of mirrors: 10
  Resolution: 128

============================================================
DETECTED MODES:
============================================================
Mode     Frequency (THz)      Q Factor        Wavelength (nm)
------------------------------------------------------------
1        78.133448            -112.07         3839.58        
2        89.088876            867.01          3367.42        
3        97.834683            645.72          3066.40        
4        105.585043           -4395.75        2841.31        
5        112.875889           -4636.85        2657.79        
6        119.935161           -6870.85        2501.35        
7        126.827262           32313.12        2365.42        
8        133.588230           26849.96        2245.71        
9        140.186004           -70255.17       2140.01        
10       146.545481           53913.12        2047.15        
11       152.547587           34420.35        1966.60        
12       158.014528           1455162.07      1898.56        
13       162.548419           117045.08       1845.60        
14       166.104381           1423.16         1806.09        
15       169.556034           41112.43        1769.33        
16       172.977915           398.80          1734.33        
17       183.583926           105.13          1634.13        
18       205.964892           84.48           1456.56        
19       228.397320           385.39          1313.50        
20       244.399399           804.38          1227.50        
21       250.513669           -2090.56        1197.54        
22       259.399911           122.14          1156.52        
23       267.424377           390.15          1121.81        
24       268.011954           208.56          1119.35        
25       271.117950           432.27          1106.53        
26       273.535489           -1670.80        1096.75        
27       277.853904           219.15          1079.70        
28       283.028567           4527.78         1059.96        
29       283.170534           53.59           1059.43        
30       319.342568           830.13          939.43         

============================================================
HIGHEST Q MODE:
============================================================
  Mode index: 12
  Frequency: 158.014528 THz
  Q factor: 1455162.07
  Wavelength: 1898.56 nm
  Mode volume: 3.146709
  Purcell Factor:  1.3916988359280425e-16
