PHOTONIC CRYSTAL CAVITY MODE ANALYSIS
============================================================

Simulation Parameters:
  Width: 500 nm
  Length: 337 nm
  Number of defect holes: 16
  Number of mirrors: 9
  Resolution: 128

============================================================
DETECTED MODES:
============================================================
Mode     Frequency (THz)      Q Factor        Wavelength (nm)
------------------------------------------------------------
1        86.439189            6811.29         3470.65        
2        93.834256            787.62          3197.13        
3        100.233263           37031.66        2993.02        
4        106.230541           -147804.24      2824.05        
5        111.968035           -26760.55       2679.34        
6        117.566518           -5314.34        2551.75        
7        123.081135           -24007.71       2437.42        
8        128.492512           365327.76       2334.77        
9        133.828970           -883835.54      2241.67        
10       139.073106           -105783.59      2157.14        
11       144.158727           34978.50        2081.04        
12       149.060727           257119.02       2012.60        
13       153.697448           1288576.35      1951.89        
14       157.951390           -237720.26      1899.32        
15       161.638143           56318.66        1856.00        
16       164.348651           -1155.49        1825.39        
17       167.036704           1952488.05      1796.01        
18       169.968224           2015.55         1765.04        
19       182.437510           143.37          1644.40        
20       199.766329           86.55           1501.75        
21       218.439565           245.04          1373.38        
22       236.058291           1773.87         1270.87        
23       238.272098           2754.70         1259.06        
24       249.768470           276.01          1201.11        
25       253.404591           -1044.97        1183.88        
26       259.207718           144.92          1157.37        
27       265.147838           205.76          1131.44        
28       267.639199           1091.41         1120.91        
29       269.351361           523.23          1113.79        
30       271.733788           -532.68         1104.02        
31       273.972021           266.08          1095.00        
32       276.958706           65.83           1083.19        
33       279.588786           215.82          1073.00        
34       283.196385           -224.45         1059.34        
35       309.165591           328.48          970.35         
36       321.752160           1059.35         932.39         
37       324.532102           93.35           924.41         

============================================================
HIGHEST Q MODE:
============================================================
  Mode index: 17
  Frequency: 167.036704 THz
  Q factor: 1952488.05
  Wavelength: 1796.01 nm
  Mode volume: 2.012959
  Purcell Factor:  2.4711510407814035e-16
